0.000000000000000000e+00
0.000000000000000000e+00
2.500000000000000000e-01
8.988741197672402095e+00
2.500000000000000000e-01
6.405604897606804737e-01
1.000000000000000000e+00
1.409169217503544180e+00
1.000000000000000000e+00
1.221669217503544180e+00
1.000000000000000000e+00
2.719333843500708614e+00
1.000000000000000000e+00
1.627335374002835344e+00
1.000000000000000000e+00
2.844333843500708614e+00
1.000000000000000000e+00
1.627335374002835344e+00
1.000000000000000000e+00
1.689835374002835344e+00
1.000000000000000000e+00
1.845501530502126286e+00
1.000000000000000000e+00
1.845501530502126286e+00
1.000000000000000000e+00
1.908001530502126286e+00
1.000000000000000000e+00
2.063667687001417672e+00
1.000000000000000000e+00
3.218166156499291386e+00
1.000000000000000000e+00
2.535030610042527943e-01
1.000000000000000000e+00
1.688667687001417672e+00
1.000000000000000000e+00
1.844333843500708836e+00
1.000000000000000000e+00
1.844333843500708836e+00
1.000000000000000000e+00
1.906833843500708836e+00
1.000000000000000000e+00
1.969333843500708836e+00
1.000000000000000000e+00
1.906833843500708836e+00
1.000000000000000000e+00
2.998832312998582328e+00
1.000000000000000000e+00
1.656833843500708836e+00
1.000000000000000000e+00
1.656833843500708836e+00
1.000000000000000000e+00
1.563667687001417672e+00
1.000000000000000000e+00
1.781833843500708836e+00
1.000000000000000000e+00
1.719333843500708836e+00
1.000000000000000000e+00
1.781833843500708836e+00
1.000000000000000000e+00
2.406833843500708614e+00
1.000000000000000000e+00
2.469333843500708614e+00
1.000000000000000000e+00
2.687500000000000000e+00
1.000000000000000000e+00
2.531833843500708614e+00
1.000000000000000000e+00
2.562500000000000000e+00
1.000000000000000000e+00
2.625000000000000000e+00
1.000000000000000000e+00
2.780666156499291386e+00
1.000000000000000000e+00
3.747664625997164656e+00
1.000000000000000000e+00
1.968166156499291164e+00
1.000000000000000000e+00
1.905666156499291164e+00
1.000000000000000000e+00
1.780666156499291164e+00
1.000000000000000000e+00
1.655666156499291164e+00
1.000000000000000000e+00
1.718166156499291164e+00
1.000000000000000000e+00
2.810164625997164656e+00
1.000000000000000000e+00
1.468166156499291164e+00
1.000000000000000000e+00
1.530666156499291164e+00
1.000000000000000000e+00
1.468166156499291164e+00
1.000000000000000000e+00
1.468166156499291164e+00
1.000000000000000000e+00
1.343166156499291164e+00
1.000000000000000000e+00
1.343166156499291164e+00
1.000000000000000000e+00
1.250000000000000000e+00
1.000000000000000000e+00
1.405666156499291164e+00
1.000000000000000000e+00
1.312500000000000000e+00
1.000000000000000000e+00
1.406833843500708836e+00
1.000000000000000000e+00
1.281833843500708836e+00
1.000000000000000000e+00
2.216998469497873714e+00
1.000000000000000000e+00
1.812500000000000000e+00
1.000000000000000000e+00
1.781833843500708836e+00
1.000000000000000000e+00
1.812500000000000000e+00
1.000000000000000000e+00
1.750000000000000000e+00
1.000000000000000000e+00
2.841998469497873714e+00
1.000000000000000000e+00
1.843166156499291164e+00
1.000000000000000000e+00
1.780666156499291164e+00
1.000000000000000000e+00
1.843166156499291164e+00
1.000000000000000000e+00
1.655666156499291164e+00
1.000000000000000000e+00
1.655666156499291164e+00
1.000000000000000000e+00
1.655666156499291164e+00
1.000000000000000000e+00
2.591998469497873714e+00
1.000000000000000000e+00
1.593166156499291164e+00
1.000000000000000000e+00
1.343166156499291164e+00
1.000000000000000000e+00
1.343166156499291164e+00
1.000000000000000000e+00
2.372664625997164656e+00
1.000000000000000000e+00
1.405666156499291164e+00
1.000000000000000000e+00
1.312500000000000000e+00
1.000000000000000000e+00
1.280666156499291164e+00
1.000000000000000000e+00
1.187500000000000000e+00
1.000000000000000000e+00
1.031833843500708836e+00
1.000000000000000000e+00
9.693338435007088361e-01
1.000000000000000000e+00
1.156833843500708836e+00
1.000000000000000000e+00
1.898353740028352332e-01
1.000000000000000000e+00
2.186332312998582328e+00
1.000000000000000000e+00
1.625000000000000000e+00
1.000000000000000000e+00
2.623832312998582328e+00
1.000000000000000000e+00
1.531833843500708836e+00
1.000000000000000000e+00
1.531833843500708836e+00
1.000000000000000000e+00
2.716998469497873714e+00
1.000000000000000000e+00
2.779498469497873714e+00
1.000000000000000000e+00
1.625000000000000000e+00
1.000000000000000000e+00
1.718166156499291164e+00
1.000000000000000000e+00
2.529498469497873714e+00
1.000000000000000000e+00
1.375000000000000000e+00
1.000000000000000000e+00
1.437500000000000000e+00
1.000000000000000000e+00
1.375000000000000000e+00
1.000000000000000000e+00
1.250000000000000000e+00
1.000000000000000000e+00
1.250000000000000000e+00
1.000000000000000000e+00
1.312500000000000000e+00
1.000000000000000000e+00
1.125000000000000000e+00
1.000000000000000000e+00
2.122664625997164656e+00
1.000000000000000000e+00
1.062500000000000000e+00
1.000000000000000000e+00
1.000000000000000000e+00
1.000000000000000000e+00
1.000000000000000000e+00
1.000000000000000000e+00
9.375000000000000000e-01
1.000000000000000000e+00
7.193338435007088361e-01
1.000000000000000000e+00
9.068338435007088361e-01
1.000000000000000000e+00
1.936332312998582328e+00
1.000000000000000000e+00
1.998832312998582328e+00
1.000000000000000000e+00
1.531833843500708836e+00
1.000000000000000000e+00
1.344333843500708836e+00
1.000000000000000000e+00
1.344333843500708836e+00
1.000000000000000000e+00
1.344333843500708836e+00
1.000000000000000000e+00
2.436332312998582328e+00
1.000000000000000000e+00
1.281833843500708836e+00
1.000000000000000000e+00
1.281833843500708836e+00
1.000000000000000000e+00
2.436332312998582328e+00
1.000000000000000000e+00
1.219333843500708836e+00
1.000000000000000000e+00
1.219333843500708836e+00
1.000000000000000000e+00
1.156833843500708836e+00
1.000000000000000000e+00
1.125000000000000000e+00
1.000000000000000000e+00
1.125000000000000000e+00
1.000000000000000000e+00
1.125000000000000000e+00
1.000000000000000000e+00
1.062500000000000000e+00
1.000000000000000000e+00
1.062500000000000000e+00
1.000000000000000000e+00
6.261676870014176721e-01
1.000000000000000000e+00
9.375000000000000000e-01
1.000000000000000000e+00
8.125000000000000000e-01
1.000000000000000000e+00
6.875000000000000000e-01
1.000000000000000000e+00
5.943338435007088361e-01
1.000000000000000000e+00
6.261676870014176721e-01
1.000000000000000000e+00
7.818338435007088361e-01
1.000000000000000000e+00
2.062500000000000000e+00
1.000000000000000000e+00
1.188667687001417672e+00
1.000000000000000000e+00
1.251167687001417672e+00
1.000000000000000000e+00
1.344333843500708836e+00
1.000000000000000000e+00
2.373832312998582328e+00
1.000000000000000000e+00
1.094333843500708836e+00
1.000000000000000000e+00
1.156833843500708836e+00
1.000000000000000000e+00
1.031833843500708836e+00
1.000000000000000000e+00
2.248832312998582328e+00
1.000000000000000000e+00
1.156833843500708836e+00
1.000000000000000000e+00
1.156833843500708836e+00
1.000000000000000000e+00
1.219333843500708836e+00
1.000000000000000000e+00
9.068338435007088361e-01
1.000000000000000000e+00
9.693338435007088361e-01
1.000000000000000000e+00
8.443338435007088361e-01
1.000000000000000000e+00
9.375000000000000000e-01
1.000000000000000000e+00
8.125000000000000000e-01
1.000000000000000000e+00
8.125000000000000000e-01
1.000000000000000000e+00
7.500000000000000000e-01
1.000000000000000000e+00
7.818338435007088361e-01
1.000000000000000000e+00
5.943338435007088361e-01
1.000000000000000000e+00
1.780666156499291164e+00
1.000000000000000000e+00
5.318338435007088361e-01
1.000000000000000000e+00
1.655666156499291164e+00
1.000000000000000000e+00
4.080015305021263972e-01
1.000000000000000000e+00
1.530666156499291164e+00
1.000000000000000000e+00
1.063667687001417672e+00
1.000000000000000000e+00
1.156833843500708836e+00
1.000000000000000000e+00
2.093166156499291386e+00
1.000000000000000000e+00
2.030666156499291386e+00
1.000000000000000000e+00
1.001167687001417672e+00
1.000000000000000000e+00
1.001167687001417672e+00
1.000000000000000000e+00
1.031833843500708836e+00
1.000000000000000000e+00
9.386676870014176721e-01
1.000000000000000000e+00
1.094333843500708836e+00
1.000000000000000000e+00
1.031833843500708836e+00
1.000000000000000000e+00
9.693338435007088361e-01
1.000000000000000000e+00
9.068338435007088361e-01
1.000000000000000000e+00
7.193338435007088361e-01
1.000000000000000000e+00
7.818338435007088361e-01
1.000000000000000000e+00
7.193338435007088361e-01
1.000000000000000000e+00
7.818338435007088361e-01
1.000000000000000000e+00
1.811332312998582328e+00
1.000000000000000000e+00
1.529498469497873714e+00
1.000000000000000000e+00
1.748832312998582328e+00
1.000000000000000000e+00
5.318338435007088361e-01
1.000000000000000000e+00
4.693338435007088361e-01
1.000000000000000000e+00
3.443338435007088361e-01
1.000000000000000000e+00
3.761676870014176166e-01
1.000000000000000000e+00
1.001167687001417672e+00
1.000000000000000000e+00
1.718166156499291164e+00
1.000000000000000000e+00
8.455015305021263972e-01
1.000000000000000000e+00
9.386676870014176721e-01
1.000000000000000000e+00
8.761676870014176721e-01
1.000000000000000000e+00
8.136676870014176721e-01
1.000000000000000000e+00
8.761676870014176721e-01
1.000000000000000000e+00
8.136676870014176721e-01
1.000000000000000000e+00
8.136676870014176721e-01
1.000000000000000000e+00
2.030666156499291386e+00
1.000000000000000000e+00
6.886676870014176721e-01
1.000000000000000000e+00
8.443338435007088361e-01
1.000000000000000000e+00
7.193338435007088361e-01
1.000000000000000000e+00
7.193338435007088361e-01
1.000000000000000000e+00
6.261676870014176721e-01
1.000000000000000000e+00
5.636676870014176721e-01
1.000000000000000000e+00
5.318338435007088361e-01
1.000000000000000000e+00
1.686332312998582328e+00
1.000000000000000000e+00
5.318338435007088361e-01
1.000000000000000000e+00
2.830015305021263972e-01
1.000000000000000000e+00
3.136676870014176166e-01
1.000000000000000000e+00
2.511676870014176166e-01
1.000000000000000000e+00
3.136676870014176166e-01
1.000000000000000000e+00
9.550153050212639716e-02
1.000000000000000000e+00
9.550153050212639716e-02
1.000000000000000000e+00
-2.949846949787360284e-02
1.000000000000000000e+00
1.625000000000000000e+00
1.000000000000000000e+00
7.830015305021263972e-01
1.000000000000000000e+00
-1.226646259971647668e-01
1.000000000000000000e+00
7.511676870014176721e-01
1.000000000000000000e+00
6.580015305021263972e-01
1.000000000000000000e+00
7.830015305021263972e-01
1.000000000000000000e+00
7.830015305021263972e-01
1.000000000000000000e+00
7.511676870014176721e-01
1.000000000000000000e+00
5.330015305021263972e-01
1.000000000000000000e+00
6.886676870014176721e-01
1.000000000000000000e+00
6.261676870014176721e-01
1.000000000000000000e+00
6.261676870014176721e-01
1.000000000000000000e+00
5.636676870014176721e-01
1.000000000000000000e+00
3.455015305021263972e-01
1.000000000000000000e+00
5.011676870014176721e-01
1.000000000000000000e+00
2.511676870014176166e-01
1.000000000000000000e+00
4.386676870014176166e-01
1.000000000000000000e+00
3.136676870014176166e-01
1.000000000000000000e+00
1.261676870014176166e-01
1.000000000000000000e+00
-1.121496938995747206e+00
1.000000000000000000e+00
1.261676870014176166e-01
1.000000000000000000e+00
-1.183996938995747206e+00
1.000000000000000000e+00
1.187500000000000000e+00
1.000000000000000000e+00
-2.169984694978736028e-01
1.000000000000000000e+00
-1.851646259971647668e-01
1.000000000000000000e+00
1.469333843500708836e+00
1.000000000000000000e+00
1.125000000000000000e+00
1.000000000000000000e+00
-2.476646259971647668e-01
1.000000000000000000e+00
1.812500000000000000e+00
1.000000000000000000e+00
5.330015305021263972e-01
1.000000000000000000e+00
4.705015305021263972e-01
1.000000000000000000e+00
4.080015305021263972e-01
1.000000000000000000e+00
2.830015305021263972e-01
1.000000000000000000e+00
3.455015305021263972e-01
1.000000000000000000e+00
3.455015305021263972e-01
1.000000000000000000e+00
2.830015305021263972e-01
1.000000000000000000e+00
2.205015305021263972e-01
1.000000000000000000e+00
2.205015305021263972e-01
1.000000000000000000e+00
-9.964969389957472057e-01
1.000000000000000000e+00
3.300153050212639716e-02
1.000000000000000000e+00
9.550153050212639716e-02
1.000000000000000000e+00
-2.949846949787360284e-02
1.000000000000000000e+00
-2.949846949787360284e-02
1.000000000000000000e+00
-1.544984694978736028e-01
1.000000000000000000e+00
-1.544984694978736028e-01
1.000000000000000000e+00
-2.169984694978736028e-01
1.000000000000000000e+00
-2.476646259971647668e-01
1.000000000000000000e+00
-3.726646259971647668e-01
1.000000000000000000e+00
-3.101646259971647668e-01
1.000000000000000000e+00
6.261676870014176721e-01
1.000000000000000000e+00
4.705015305021263972e-01
1.000000000000000000e+00
4.705015305021263972e-01
1.000000000000000000e+00
4.705015305021263972e-01
1.000000000000000000e+00
3.148353740028352332e-01
1.000000000000000000e+00
3.455015305021263972e-01
1.000000000000000000e+00
3.455015305021263972e-01
1.000000000000000000e+00
3.455015305021263972e-01
1.000000000000000000e+00
3.455015305021263972e-01
1.000000000000000000e+00
2.205015305021263972e-01
1.000000000000000000e+00
2.830015305021263972e-01
1.000000000000000000e+00
1.580015305021263972e-01
1.000000000000000000e+00
2.830015305021263972e-01
1.000000000000000000e+00
9.550153050212639716e-02
1.000000000000000000e+00
-2.949846949787360284e-02
1.000000000000000000e+00
6.366768700141761661e-02
1.000000000000000000e+00
3.300153050212639716e-02
1.000000000000000000e+00
-1.544984694978736028e-01
1.000000000000000000e+00
-1.544984694978736028e-01
1.000000000000000000e+00
1.155666156499291164e+00
1.000000000000000000e+00
-2.169984694978736028e-01
1.000000000000000000e+00
-3.419984694978736028e-01
1.000000000000000000e+00
-3.101646259971647668e-01
1.000000000000000000e+00
-4.351646259971647668e-01
1.000000000000000000e+00
-5.601646259971647668e-01
1.000000000000000000e+00
-6.226646259971647668e-01
1.000000000000000000e+00
-6.533307824964558197e-01
1.000000000000000000e+00
9.693338435007088361e-01
1.000000000000000000e+00
2.523353740028352332e-01
1.000000000000000000e+00
1.273353740028352332e-01
1.000000000000000000e+00
1.273353740028352332e-01
1.000000000000000000e+00
1.273353740028352332e-01
1.000000000000000000e+00
6.483537400283523322e-02
1.000000000000000000e+00
6.483537400283523322e-02
1.000000000000000000e+00
6.483537400283523322e-02
1.000000000000000000e+00
2.335374002835233220e-03
1.000000000000000000e+00
1.219333843500708836e+00
1.000000000000000000e+00
-6.016462599716476678e-02
1.000000000000000000e+00
-9.199846949787360284e-02
1.000000000000000000e+00
-2.949846949787360284e-02
1.000000000000000000e+00
-9.199846949787360284e-02
1.000000000000000000e+00
-2.169984694978736028e-01
1.000000000000000000e+00
-1.544984694978736028e-01
1.000000000000000000e+00
-2.169984694978736028e-01
1.000000000000000000e+00
-3.419984694978736028e-01
1.000000000000000000e+00
-4.044984694978736028e-01
1.000000000000000000e+00
1.094333843500708836e+00
1.000000000000000000e+00
-6.226646259971647668e-01
1.000000000000000000e+00
-6.226646259971647668e-01
1.000000000000000000e+00
-7.476646259971647668e-01
1.000000000000000000e+00
-7.158307824964558197e-01
1.000000000000000000e+00
-7.158307824964558197e-01
1.000000000000000000e+00
1.898353740028352332e-01
1.000000000000000000e+00
1.273353740028352332e-01
1.000000000000000000e+00
1.273353740028352332e-01
1.000000000000000000e+00
6.483537400283523322e-02
1.000000000000000000e+00
-1.851646259971647668e-01
1.000000000000000000e+00
-6.016462599716476678e-02
1.000000000000000000e+00
-1.226646259971647668e-01
1.000000000000000000e+00
-1.226646259971647668e-01
1.000000000000000000e+00
-2.476646259971647668e-01
1.000000000000000000e+00
-1.226646259971647668e-01
1.000000000000000000e+00
-2.476646259971647668e-01
1.000000000000000000e+00
-3.101646259971647668e-01
1.000000000000000000e+00
-3.726646259971647668e-01
1.000000000000000000e+00
1.062500000000000000e+00
1.000000000000000000e+00
-4.976646259971647668e-01
1.000000000000000000e+00
-4.976646259971647668e-01
1.000000000000000000e+00
-5.601646259971647668e-01
1.000000000000000000e+00
-4.976646259971647668e-01
1.000000000000000000e+00
7.193338435007088361e-01
1.000000000000000000e+00
-7.476646259971647668e-01
1.000000000000000000e+00
-8.408307824964558197e-01
1.000000000000000000e+00
-7.783307824964558197e-01
1.000000000000000000e+00
-8.408307824964558197e-01
1.000000000000000000e+00
-9.033307824964558197e-01
1.000000000000000000e+00
-1.028330782496455820e+00
1.000000000000000000e+00
-8.714969389957472057e-01
1.000000000000000000e+00
-2.783307824964558197e-01
1.000000000000000000e+00
-1.214663095495038370e+00
1.000000000000000000e+00
-1.226646259971647668e-01
1.000000000000000000e+00
9.068338435007088361e-01
1.000000000000000000e+00
-2.783307824964558197e-01
1.000000000000000000e+00
-4.033307824964558197e-01
1.000000000000000000e+00
-4.658307824964558197e-01
1.000000000000000000e+00
-4.033307824964558197e-01
1.000000000000000000e+00
-3.726646259971647668e-01
1.000000000000000000e+00
-5.283307824964558197e-01
1.000000000000000000e+00
-5.908307824964558197e-01
1.000000000000000000e+00
-5.908307824964558197e-01
1.000000000000000000e+00
-5.601646259971647668e-01
1.000000000000000000e+00
-5.601646259971647668e-01
1.000000000000000000e+00
5.625000000000000000e-01
1.000000000000000000e+00
-8.408307824964558197e-01
1.000000000000000000e+00
-9.658307824964558197e-01
1.000000000000000000e+00
-9.658307824964558197e-01
1.000000000000000000e+00
-1.090830782496455820e+00
1.000000000000000000e+00
-8.408307824964558197e-01
1.000000000000000000e+00
-1.121496938995747206e+00
1.000000000000000000e+00
-1.028330782496455820e+00
1.000000000000000000e+00
-1.183996938995747206e+00
1.000000000000000000e+00
5.330015305021263972e-01
1.000000000000000000e+00
-5.283307824964558197e-01
1.000000000000000000e+00
-3.408307824964558197e-01
1.000000000000000000e+00
-3.408307824964558197e-01
1.000000000000000000e+00
-4.033307824964558197e-01
1.000000000000000000e+00
-4.033307824964558197e-01
1.000000000000000000e+00
-4.658307824964558197e-01
1.000000000000000000e+00
-4.658307824964558197e-01
1.000000000000000000e+00
-5.283307824964558197e-01
1.000000000000000000e+00
-5.908307824964558197e-01
1.000000000000000000e+00
-4.351646259971647668e-01
1.000000000000000000e+00
9.068338435007088361e-01
1.000000000000000000e+00
-6.851646259971647668e-01
1.000000000000000000e+00
-8.408307824964558197e-01
1.000000000000000000e+00
-8.408307824964558197e-01
1.000000000000000000e+00
-9.033307824964558197e-01
