0.000000000000000000e+00
0.000000000000000000e+00
2.500000000000000000e-01
-2.163692190558412420e+01
2.500000000000000000e-01
-8.879620987282846656e+00
2.500000000000000000e-01
6.242526803190926898e+00
2.500000000000000000e-01
-5.686332312998582106e-01
1.000000000000000000e+00
-2.029498469497873714e+00
1.000000000000000000e+00
-2.216998469497873714e+00
1.000000000000000000e+00
-2.340830782496455598e+00
1.000000000000000000e+00
-9.363323129985823279e-01
1.000000000000000000e+00
-2.715830782496455598e+00
1.000000000000000000e+00
-2.871496938995747428e+00
1.000000000000000000e+00
-3.152163095495038370e+00
1.000000000000000000e+00
-2.902163095495038370e+00
1.000000000000000000e+00
-1.029498469497873714e+00
1.000000000000000000e+00
-1.996496938995747206e+00
1.000000000000000000e+00
-1.404498469497873714e+00
1.000000000000000000e+00
-2.339663095495038370e+00
1.000000000000000000e+00
-6.238323129985823279e-01
1.000000000000000000e+00
-7.169984694978736028e-01
1.000000000000000000e+00
-2.589663095495038370e+00
1.000000000000000000e+00
-2.807829251994329312e+00
1.000000000000000000e+00
-9.044984694978736028e-01
1.000000000000000000e+00
-3.057829251994329312e+00
1.000000000000000000e+00
-9.044984694978736028e-01
1.000000000000000000e+00
-2.995329251994329312e+00
1.000000000000000000e+00
-2.870329251994329312e+00
1.000000000000000000e+00
-2.870329251994329312e+00
1.000000000000000000e+00
-2.870329251994329312e+00
1.000000000000000000e+00
-3.088495408493620697e+00
1.000000000000000000e+00
-2.775995408493620697e+00
1.000000000000000000e+00
-2.838495408493620697e+00
1.000000000000000000e+00
-2.838495408493620697e+00
1.000000000000000000e+00
-7.783307824964558197e-01
1.000000000000000000e+00
-2.931661564992911639e+00
1.000000000000000000e+00
-2.713495408493620697e+00
1.000000000000000000e+00
-2.744161564992911639e+00
1.000000000000000000e+00
-2.869161564992911639e+00
1.000000000000000000e+00
-2.899827721492203025e+00
1.000000000000000000e+00
-6.214969389957472057e-01
1.000000000000000000e+00
-1.713495408493620697e+00
1.000000000000000000e+00
-9.033307824964558197e-01
1.000000000000000000e+00
-1.713495408493620697e+00
1.000000000000000000e+00
-1.775995408493620697e+00
1.000000000000000000e+00
6.483537400283523322e-02
1.000000000000000000e+00
-2.169984694978736028e-01
1.000000000000000000e+00
-2.025995408493620697e+00
1.000000000000000000e+00
-1.963495408493620697e+00
1.000000000000000000e+00
-1.963495408493620697e+00
1.000000000000000000e+00
-2.025995408493620697e+00
1.000000000000000000e+00
-2.088495408493620697e+00
1.000000000000000000e+00
-2.025995408493620697e+00
1.000000000000000000e+00
-1.851646259971647668e-01
1.000000000000000000e+00
-2.150995408493620697e+00
1.000000000000000000e+00
-2.057829251994329312e+00
1.000000000000000000e+00
-2.275995408493620697e+00
1.000000000000000000e+00
-3.101646259971647668e-01
1.000000000000000000e+00
-2.275995408493620697e+00
1.000000000000000000e+00
-2.400995408493620697e+00
1.000000000000000000e+00
-2.213495408493620697e+00
1.000000000000000000e+00
-3.408307824964558197e-01
1.000000000000000000e+00
-3.726646259971647668e-01
1.000000000000000000e+00
-2.463495408493620697e+00
1.000000000000000000e+00
-2.464969389957472057e-01
1.000000000000000000e+00
-2.158307824964558197e-01
1.000000000000000000e+00
-1.307829251994329534e+00
1.000000000000000000e+00
-5.283307824964558197e-01
1.000000000000000000e+00
-1.370329251994329534e+00
1.000000000000000000e+00
-1.557829251994329534e+00
1.000000000000000000e+00
-1.557829251994329534e+00
1.000000000000000000e+00
-1.620329251994329534e+00
1.000000000000000000e+00
-1.682829251994329534e+00
1.000000000000000000e+00
-1.620329251994329534e+00
1.000000000000000000e+00
-1.682829251994329534e+00
1.000000000000000000e+00
3.300153050212639716e-02
1.000000000000000000e+00
-1.682829251994329534e+00
1.000000000000000000e+00
-1.807829251994329534e+00
1.000000000000000000e+00
-2.774827721492203025e+00
1.000000000000000000e+00
-1.870329251994329534e+00
1.000000000000000000e+00
-1.238323129985823834e-01
1.000000000000000000e+00
-1.870329251994329534e+00
1.000000000000000000e+00
-1.932829251994329534e+00
1.000000000000000000e+00
-1.995329251994329534e+00
1.000000000000000000e+00
-1.544984694978736028e-01
1.000000000000000000e+00
-2.025995408493620697e+00
1.000000000000000000e+00
-2.088495408493620697e+00
1.000000000000000000e+00
-1.226646259971647668e-01
1.000000000000000000e+00
-2.150995408493620697e+00
1.000000000000000000e+00
-2.213495408493620697e+00
1.000000000000000000e+00
-2.158307824964558197e-01
1.000000000000000000e+00
-1.182829251994329534e+00
1.000000000000000000e+00
-2.476646259971647668e-01
1.000000000000000000e+00
-1.370329251994329534e+00
1.000000000000000000e+00
-1.432829251994329534e+00
1.000000000000000000e+00
3.148353740028352332e-01
1.000000000000000000e+00
-1.370329251994329534e+00
1.000000000000000000e+00
4.080015305021263972e-01
1.000000000000000000e+00
-1.370329251994329534e+00
1.000000000000000000e+00
-1.432829251994329534e+00
1.000000000000000000e+00
2.830015305021263972e-01
1.000000000000000000e+00
-1.339663095495038370e+00
1.000000000000000000e+00
-1.464663095495038370e+00
1.000000000000000000e+00
-1.652163095495038370e+00
1.000000000000000000e+00
-1.589663095495038370e+00
1.000000000000000000e+00
-1.496496938995747206e+00
1.000000000000000000e+00
-1.714663095495038370e+00
1.000000000000000000e+00
1.580015305021263972e-01
1.000000000000000000e+00
-1.238323129985823834e-01
1.000000000000000000e+00
-1.839663095495038370e+00
1.000000000000000000e+00
-1.807829251994329534e+00
1.000000000000000000e+00
2.335374002835233220e-03
1.000000000000000000e+00
6.483537400283523322e-02
1.000000000000000000e+00
-1.870329251994329534e+00
1.000000000000000000e+00
-2.025995408493620697e+00
1.000000000000000000e+00
-2.150995408493620697e+00
1.000000000000000000e+00
-2.275995408493620697e+00
1.000000000000000000e+00
-1.027163095495038370e+00
1.000000000000000000e+00
-9.646630954950383696e-01
1.000000000000000000e+00
-1.089663095495038370e+00
1.000000000000000000e+00
-9.646630954950383696e-01
1.000000000000000000e+00
-1.089663095495038370e+00
1.000000000000000000e+00
-1.089663095495038370e+00
1.000000000000000000e+00
-1.089663095495038370e+00
1.000000000000000000e+00
-1.152163095495038370e+00
1.000000000000000000e+00
-1.277163095495038370e+00
1.000000000000000000e+00
-1.214663095495038370e+00
1.000000000000000000e+00
-1.339663095495038370e+00
1.000000000000000000e+00
5.636676870014176721e-01
1.000000000000000000e+00
-1.464663095495038370e+00
1.000000000000000000e+00
-1.464663095495038370e+00
1.000000000000000000e+00
-1.464663095495038370e+00
1.000000000000000000e+00
-2.369161564992911639e+00
1.000000000000000000e+00
-1.652163095495038370e+00
1.000000000000000000e+00
-1.402163095495038370e+00
1.000000000000000000e+00
-1.527163095495038370e+00
1.000000000000000000e+00
-2.588495408493620697e+00
1.000000000000000000e+00
-1.652163095495038370e+00
1.000000000000000000e+00
-1.557829251994329534e+00
1.000000000000000000e+00
6.483537400283523322e-02
1.000000000000000000e+00
-1.745329251994329534e+00
1.000000000000000000e+00
-8.396630954950383696e-01
1.000000000000000000e+00
-8.396630954950383696e-01
1.000000000000000000e+00
8.455015305021263972e-01
1.000000000000000000e+00
-7.771630954950383696e-01
1.000000000000000000e+00
-8.396630954950383696e-01
1.000000000000000000e+00
-8.396630954950383696e-01
1.000000000000000000e+00
-8.089969389957472057e-01
1.000000000000000000e+00
-6.533307824964558197e-01
1.000000000000000000e+00
-1.027163095495038370e+00
1.000000000000000000e+00
4.693338435007088361e-01
1.000000000000000000e+00
-9.964969389957472057e-01
1.000000000000000000e+00
-1.089663095495038370e+00
1.000000000000000000e+00
-1.058996938995747206e+00
1.000000000000000000e+00
-9.964969389957472057e-01
1.000000000000000000e+00
4.386676870014176166e-01
1.000000000000000000e+00
-1.183996938995747206e+00
1.000000000000000000e+00
-1.058996938995747206e+00
1.000000000000000000e+00
3.761676870014176166e-01
1.000000000000000000e+00
-5.283307824964558197e-01
1.000000000000000000e+00
-1.402163095495038370e+00
1.000000000000000000e+00
-1.402163095495038370e+00
1.000000000000000000e+00
-1.402163095495038370e+00
1.000000000000000000e+00
-1.402163095495038370e+00
1.000000000000000000e+00
-4.964969389957472057e-01
1.000000000000000000e+00
-1.620329251994329534e+00
1.000000000000000000e+00
-4.339969389957472057e-01
1.000000000000000000e+00
-4.339969389957472057e-01
1.000000000000000000e+00
-6.214969389957472057e-01
1.000000000000000000e+00
7.818338435007088361e-01
1.000000000000000000e+00
-6.839969389957472057e-01
1.000000000000000000e+00
-7.464969389957472057e-01
1.000000000000000000e+00
-7.464969389957472057e-01
1.000000000000000000e+00
-8.089969389957472057e-01
1.000000000000000000e+00
-7.464969389957472057e-01
1.000000000000000000e+00
-7.464969389957472057e-01
1.000000000000000000e+00
-8.714969389957472057e-01
1.000000000000000000e+00
-8.714969389957472057e-01
1.000000000000000000e+00
-9.339969389957472057e-01
1.000000000000000000e+00
-9.964969389957472057e-01
1.000000000000000000e+00
-9.964969389957472057e-01
1.000000000000000000e+00
7.193338435007088361e-01
1.000000000000000000e+00
-9.964969389957472057e-01
1.000000000000000000e+00
-1.058996938995747206e+00
1.000000000000000000e+00
-2.150995408493620697e+00
1.000000000000000000e+00
-2.150995408493620697e+00
1.000000000000000000e+00
-9.964969389957472057e-01
1.000000000000000000e+00
-1.121496938995747206e+00
1.000000000000000000e+00
-3.714969389957472057e-01
1.000000000000000000e+00
-3.714969389957472057e-01
1.000000000000000000e+00
-3.714969389957472057e-01
1.000000000000000000e+00
-3.714969389957472057e-01
1.000000000000000000e+00
-1.464663095495038370e+00
1.000000000000000000e+00
-2.783307824964558197e-01
1.000000000000000000e+00
7.193338435007088361e-01
1.000000000000000000e+00
-4.339969389957472057e-01
1.000000000000000000e+00
-4.339969389957472057e-01
1.000000000000000000e+00
1.001167687001417672e+00
1.000000000000000000e+00
1.063667687001417672e+00
1.000000000000000000e+00
-5.589969389957472057e-01
1.000000000000000000e+00
-4.964969389957472057e-01
1.000000000000000000e+00
-5.283307824964558197e-01
1.000000000000000000e+00
-6.533307824964558197e-01
1.000000000000000000e+00
-5.601646259971647668e-01
1.000000000000000000e+00
-7.158307824964558197e-01
1.000000000000000000e+00
7.818338435007088361e-01
1.000000000000000000e+00
-7.783307824964558197e-01
1.000000000000000000e+00
-8.408307824964558197e-01
1.000000000000000000e+00
-7.158307824964558197e-01
1.000000000000000000e+00
-8.408307824964558197e-01
1.000000000000000000e+00
-2.025995408493620697e+00
1.000000000000000000e+00
-9.964969389957472057e-01
1.000000000000000000e+00
-1.058996938995747206e+00
1.000000000000000000e+00
-9.964969389957472057e-01
1.000000000000000000e+00
-3.408307824964558197e-01
1.000000000000000000e+00
-2.158307824964558197e-01
1.000000000000000000e+00
-1.245329251994329534e+00
1.000000000000000000e+00
-1.533307824964558197e-01
1.000000000000000000e+00
-9.083078249645581970e-02
1.000000000000000000e+00
1.251167687001417672e+00
1.000000000000000000e+00
-2.158307824964558197e-01
1.000000000000000000e+00
-2.158307824964558197e-01
1.000000000000000000e+00
-2.158307824964558197e-01
1.000000000000000000e+00
-3.408307824964558197e-01
1.000000000000000000e+00
1.156833843500708836e+00
1.000000000000000000e+00
-2.476646259971647668e-01
1.000000000000000000e+00
-4.658307824964558197e-01
1.000000000000000000e+00
-4.033307824964558197e-01
1.000000000000000000e+00
1.125000000000000000e+00
1.000000000000000000e+00
-3.101646259971647668e-01
1.000000000000000000e+00
1.062500000000000000e+00
1.000000000000000000e+00
-5.908307824964558197e-01
1.000000000000000000e+00
-7.158307824964558197e-01
1.000000000000000000e+00
-6.533307824964558197e-01
1.000000000000000000e+00
8.136676870014176721e-01
1.000000000000000000e+00
-7.783307824964558197e-01
1.000000000000000000e+00
-6.533307824964558197e-01
1.000000000000000000e+00
-5.908307824964558197e-01
1.000000000000000000e+00
-8.089969389957472057e-01
1.000000000000000000e+00
8.136676870014176721e-01
1.000000000000000000e+00
1.898353740028352332e-01
1.000000000000000000e+00
2.523353740028352332e-01
1.000000000000000000e+00
9.666921750354418030e-02
1.000000000000000000e+00
1.406833843500708836e+00
1.000000000000000000e+00
9.666921750354418030e-02
1.000000000000000000e+00
-9.083078249645581970e-02
1.000000000000000000e+00
6.483537400283523322e-02
1.000000000000000000e+00
1.281833843500708836e+00
1.000000000000000000e+00
-9.083078249645581970e-02
1.000000000000000000e+00
-1.533307824964558197e-01
1.000000000000000000e+00
6.483537400283523322e-02
1.000000000000000000e+00
-6.016462599716476678e-02
1.000000000000000000e+00
-1.226646259971647668e-01
1.000000000000000000e+00
-1.851646259971647668e-01
1.000000000000000000e+00
-2.476646259971647668e-01
1.000000000000000000e+00
-3.101646259971647668e-01
1.000000000000000000e+00
-3.101646259971647668e-01
1.000000000000000000e+00
-3.726646259971647668e-01
1.000000000000000000e+00
1.031833843500708836e+00
1.000000000000000000e+00
-3.726646259971647668e-01
1.000000000000000000e+00
-5.283307824964558197e-01
1.000000000000000000e+00
-4.658307824964558197e-01
1.000000000000000000e+00
-5.283307824964558197e-01
1.000000000000000000e+00
-4.658307824964558197e-01
1.000000000000000000e+00
-5.283307824964558197e-01
1.000000000000000000e+00
2.523353740028352332e-01
1.000000000000000000e+00
2.216692175035441803e-01
1.000000000000000000e+00
3.773353740028352332e-01
1.000000000000000000e+00
1.273353740028352332e-01
1.000000000000000000e+00
1.898353740028352332e-01
1.000000000000000000e+00
1.898353740028352332e-01
1.000000000000000000e+00
1.898353740028352332e-01
1.000000000000000000e+00
1.625000000000000000e+00
1.000000000000000000e+00
1.273353740028352332e-01
1.000000000000000000e+00
1.273353740028352332e-01
1.000000000000000000e+00
6.483537400283523322e-02
1.000000000000000000e+00
2.335374002835233220e-03
1.000000000000000000e+00
1.311332312998582328e+00
1.000000000000000000e+00
9.550153050212639716e-02
1.000000000000000000e+00
3.300153050212639716e-02
1.000000000000000000e+00
-9.199846949787360284e-02
1.000000000000000000e+00
3.300153050212639716e-02
1.000000000000000000e+00
-9.199846949787360284e-02
1.000000000000000000e+00
1.250000000000000000e+00
1.000000000000000000e+00
-1.544984694978736028e-01
1.000000000000000000e+00
-3.101646259971647668e-01
1.000000000000000000e+00
-3.101646259971647668e-01
1.000000000000000000e+00
-1.851646259971647668e-01
1.000000000000000000e+00
-6.839969389957472057e-01
1.000000000000000000e+00
1.156833843500708836e+00
1.000000000000000000e+00
1.094333843500708836e+00
1.000000000000000000e+00
-4.658307824964558197e-01
1.000000000000000000e+00
3.773353740028352332e-01
1.000000000000000000e+00
3.148353740028352332e-01
1.000000000000000000e+00
4.398353740028352332e-01
1.000000000000000000e+00
3.773353740028352332e-01
1.000000000000000000e+00
3.148353740028352332e-01
1.000000000000000000e+00
3.773353740028352332e-01
1.000000000000000000e+00
5.330015305021263972e-01
1.000000000000000000e+00
4.705015305021263972e-01
1.000000000000000000e+00
3.455015305021263972e-01
1.000000000000000000e+00
3.455015305021263972e-01
1.000000000000000000e+00
2.205015305021263972e-01
1.000000000000000000e+00
2.830015305021263972e-01
1.000000000000000000e+00
9.550153050212639716e-02
1.000000000000000000e+00
1.530666156499291164e+00
1.000000000000000000e+00
3.300153050212639716e-02
1.000000000000000000e+00
-1.089663095495038370e+00
1.000000000000000000e+00
1.580015305021263972e-01
1.000000000000000000e+00
1.312500000000000000e+00
1.000000000000000000e+00
-9.199846949787360284e-02
1.000000000000000000e+00
2.335374002835233220e-03
1.000000000000000000e+00
-1.402163095495038370e+00
1.000000000000000000e+00
-1.226646259971647668e-01
1.000000000000000000e+00
6.580015305021263972e-01
1.000000000000000000e+00
7.205015305021263972e-01
1.000000000000000000e+00
7.205015305021263972e-01
1.000000000000000000e+00
6.580015305021263972e-01
1.000000000000000000e+00
6.580015305021263972e-01
1.000000000000000000e+00
6.580015305021263972e-01
1.000000000000000000e+00
6.580015305021263972e-01
1.000000000000000000e+00
6.580015305021263972e-01
1.000000000000000000e+00
5.330015305021263972e-01
1.000000000000000000e+00
5.330015305021263972e-01
1.000000000000000000e+00
4.705015305021263972e-01
1.000000000000000000e+00
4.080015305021263972e-01
1.000000000000000000e+00
6.261676870014176721e-01
1.000000000000000000e+00
6.261676870014176721e-01
1.000000000000000000e+00
5.636676870014176721e-01
1.000000000000000000e+00
5.636676870014176721e-01
1.000000000000000000e+00
5.011676870014176721e-01
1.000000000000000000e+00
3.455015305021263972e-01
1.000000000000000000e+00
-9.339969389957472057e-01
1.000000000000000000e+00
2.523353740028352332e-01
1.000000000000000000e+00
-9.964969389957472057e-01
1.000000000000000000e+00
9.550153050212639716e-02
1.000000000000000000e+00
1.580015305021263972e-01
1.000000000000000000e+00
1.898353740028352332e-01
1.000000000000000000e+00
9.080015305021263972e-01
1.000000000000000000e+00
1.469333843500708836e+00
1.000000000000000000e+00
9.080015305021263972e-01
1.000000000000000000e+00
8.455015305021263972e-01
1.000000000000000000e+00
8.455015305021263972e-01
1.000000000000000000e+00
9.080015305021263972e-01
1.000000000000000000e+00
2.000000000000000000e+00
1.000000000000000000e+00
7.205015305021263972e-01
1.000000000000000000e+00
7.205015305021263972e-01
1.000000000000000000e+00
8.761676870014176721e-01
1.000000000000000000e+00
8.761676870014176721e-01
1.000000000000000000e+00
8.761676870014176721e-01
1.000000000000000000e+00
9.386676870014176721e-01
1.000000000000000000e+00
8.136676870014176721e-01
1.000000000000000000e+00
8.443338435007088361e-01
1.000000000000000000e+00
7.818338435007088361e-01
1.000000000000000000e+00
6.568338435007088361e-01
1.000000000000000000e+00
5.943338435007088361e-01
1.000000000000000000e+00
4.386676870014176166e-01
1.000000000000000000e+00
1.718166156499291164e+00
1.000000000000000000e+00
5.011676870014176721e-01
1.000000000000000000e+00
4.080015305021263972e-01
1.000000000000000000e+00
3.761676870014176166e-01
1.000000000000000000e+00
2.830015305021263972e-01
1.000000000000000000e+00
2.205015305021263972e-01
1.000000000000000000e+00
3.455015305021263972e-01
1.000000000000000000e+00
1.625000000000000000e+00
1.000000000000000000e+00
1.188667687001417672e+00
1.000000000000000000e+00
1.063667687001417672e+00
1.000000000000000000e+00
1.063667687001417672e+00
1.000000000000000000e+00
1.063667687001417672e+00
1.000000000000000000e+00
1.001167687001417672e+00
1.000000000000000000e+00
1.001167687001417672e+00
1.000000000000000000e+00
1.063667687001417672e+00
1.000000000000000000e+00
1.001167687001417672e+00
1.000000000000000000e+00
2.093166156499291386e+00
1.000000000000000000e+00
1.094333843500708836e+00
1.000000000000000000e+00
9.693338435007088361e-01
1.000000000000000000e+00
2.186332312998582328e+00
1.000000000000000000e+00
1.031833843500708836e+00
1.000000000000000000e+00
-4.033307824964558197e-01
1.000000000000000000e+00
2.061332312998582328e+00
1.000000000000000000e+00
8.443338435007088361e-01
1.000000000000000000e+00
8.443338435007088361e-01
1.000000000000000000e+00
8.443338435007088361e-01
1.000000000000000000e+00
7.818338435007088361e-01
1.000000000000000000e+00
1.748832312998582328e+00
1.000000000000000000e+00
6.568338435007088361e-01
1.000000000000000000e+00
4.705015305021263972e-01
1.000000000000000000e+00
5.330015305021263972e-01
1.000000000000000000e+00
4.705015305021263972e-01
1.000000000000000000e+00
1.750000000000000000e+00
1.000000000000000000e+00
4.080015305021263972e-01
1.000000000000000000e+00
1.188667687001417672e+00
1.000000000000000000e+00
1.251167687001417672e+00
1.000000000000000000e+00
2.343166156499291386e+00
1.000000000000000000e+00
-1.533307824964558197e-01
1.000000000000000000e+00
1.188667687001417672e+00
1.000000000000000000e+00
1.344333843500708836e+00
1.000000000000000000e+00
1.251167687001417672e+00
1.000000000000000000e+00
1.219333843500708836e+00
1.000000000000000000e+00
2.373832312998582328e+00
1.000000000000000000e+00
1.156833843500708836e+00
1.000000000000000000e+00
1.156833843500708836e+00
1.000000000000000000e+00
1.156833843500708836e+00
1.000000000000000000e+00
1.094333843500708836e+00
1.000000000000000000e+00
9.693338435007088361e-01
1.000000000000000000e+00
1.094333843500708836e+00
1.000000000000000000e+00
9.068338435007088361e-01
1.000000000000000000e+00
7.818338435007088361e-01
1.000000000000000000e+00
9.068338435007088361e-01
1.000000000000000000e+00
9.068338435007088361e-01
1.000000000000000000e+00
8.443338435007088361e-01
1.000000000000000000e+00
8.136676870014176721e-01
1.000000000000000000e+00
2.030666156499291386e+00
1.000000000000000000e+00
8.136676870014176721e-01
1.000000000000000000e+00
7.511676870014176721e-01
1.000000000000000000e+00
1.531833843500708836e+00
1.000000000000000000e+00
1.469333843500708836e+00
1.000000000000000000e+00
1.376167687001417672e+00
1.000000000000000000e+00
1.438667687001417672e+00
1.000000000000000000e+00
1.406833843500708836e+00
1.000000000000000000e+00
1.406833843500708836e+00
1.000000000000000000e+00
1.344333843500708836e+00
1.000000000000000000e+00
1.469333843500708836e+00
1.000000000000000000e+00
1.469333843500708836e+00
1.000000000000000000e+00
-6.016462599716476678e-02
1.000000000000000000e+00
1.469333843500708836e+00
1.000000000000000000e+00
1.344333843500708836e+00
1.000000000000000000e+00
1.312500000000000000e+00
1.000000000000000000e+00
1.219333843500708836e+00
1.000000000000000000e+00
1.250000000000000000e+00
1.000000000000000000e+00
1.187500000000000000e+00
1.000000000000000000e+00
2.186332312998582328e+00
1.000000000000000000e+00
1.125000000000000000e+00
1.000000000000000000e+00
1.062500000000000000e+00
1.000000000000000000e+00
9.068338435007088361e-01
1.000000000000000000e+00
9.068338435007088361e-01
1.000000000000000000e+00
9.068338435007088361e-01
1.000000000000000000e+00
1.031833843500708836e+00
1.000000000000000000e+00
9.386676870014176721e-01
1.000000000000000000e+00
5.011676870014176721e-01
1.000000000000000000e+00
2.593166156499291386e+00
1.000000000000000000e+00
1.898353740028352332e-01
1.000000000000000000e+00
1.594333843500708836e+00
1.000000000000000000e+00
2.748832312998582328e+00
1.000000000000000000e+00
1.898353740028352332e-01
1.000000000000000000e+00
1.531833843500708836e+00
1.000000000000000000e+00
1.531833843500708836e+00
1.000000000000000000e+00
1.531833843500708836e+00
1.000000000000000000e+00
2.779498469497873714e+00
1.000000000000000000e+00
1.562500000000000000e+00
1.000000000000000000e+00
1.500000000000000000e+00
1.000000000000000000e+00
2.529498469497873714e+00
1.000000000000000000e+00
1.375000000000000000e+00
1.000000000000000000e+00
2.404498469497873714e+00
1.000000000000000000e+00
1.375000000000000000e+00
1.000000000000000000e+00
1.375000000000000000e+00
1.000000000000000000e+00
1.312500000000000000e+00
1.000000000000000000e+00
1.375000000000000000e+00
1.000000000000000000e+00
1.312500000000000000e+00
1.000000000000000000e+00
1.312500000000000000e+00
1.000000000000000000e+00
1.156833843500708836e+00
1.000000000000000000e+00
1.156833843500708836e+00
1.000000000000000000e+00
1.188667687001417672e+00
1.000000000000000000e+00
1.219333843500708836e+00
1.000000000000000000e+00
2.476339965509214203e+00
1.000000000000000000e+00
1.719333843500708836e+00
1.000000000000000000e+00
1.781833843500708836e+00
1.000000000000000000e+00
2.841998469497873714e+00
1.000000000000000000e+00
1.594333843500708836e+00
1.000000000000000000e+00
2.811332312998582328e+00
1.000000000000000000e+00
2.841998469497873714e+00
1.000000000000000000e+00
1.750000000000000000e+00
1.000000000000000000e+00
1.625000000000000000e+00
1.000000000000000000e+00
1.625000000000000000e+00
1.000000000000000000e+00
1.562500000000000000e+00
1.000000000000000000e+00
1.500000000000000000e+00
1.000000000000000000e+00
1.437500000000000000e+00
1.000000000000000000e+00
1.437500000000000000e+00
1.000000000000000000e+00
2.404498469497873714e+00
1.000000000000000000e+00
1.405666156499291164e+00
1.000000000000000000e+00
1.312500000000000000e+00
1.000000000000000000e+00
1.250000000000000000e+00
1.000000000000000000e+00
2.279498469497873714e+00
1.000000000000000000e+00
1.187500000000000000e+00
1.000000000000000000e+00
1.093166156499291164e+00
1.000000000000000000e+00
1.094333843500708836e+00
1.000000000000000000e+00
9.693338435007088361e-01
1.000000000000000000e+00
1.156833843500708836e+00
1.000000000000000000e+00
1.094333843500708836e+00
1.000000000000000000e+00
2.186332312998582328e+00
1.000000000000000000e+00
1.687500000000000000e+00
1.000000000000000000e+00
1.656833843500708836e+00
1.000000000000000000e+00
1.531833843500708836e+00
1.000000000000000000e+00
1.531833843500708836e+00
1.000000000000000000e+00
1.531833843500708836e+00
1.000000000000000000e+00
1.687500000000000000e+00
1.000000000000000000e+00
1.687500000000000000e+00
1.000000000000000000e+00
2.591998469497873714e+00
1.000000000000000000e+00
1.562500000000000000e+00
1.000000000000000000e+00
1.500000000000000000e+00
1.000000000000000000e+00
1.500000000000000000e+00
1.000000000000000000e+00
1.375000000000000000e+00
1.000000000000000000e+00
2.404498469497873714e+00
1.000000000000000000e+00
1.375000000000000000e+00
1.000000000000000000e+00
2.341998469497873714e+00
1.000000000000000000e+00
1.312500000000000000e+00
1.000000000000000000e+00
1.187500000000000000e+00
1.000000000000000000e+00
1.187500000000000000e+00
1.000000000000000000e+00
1.125000000000000000e+00
1.000000000000000000e+00
1.187500000000000000e+00
1.000000000000000000e+00
1.062500000000000000e+00
1.000000000000000000e+00
9.375000000000000000e-01
1.000000000000000000e+00
9.068338435007088361e-01
1.000000000000000000e+00
1.031833843500708836e+00
1.000000000000000000e+00
9.693338435007088361e-01
1.000000000000000000e+00
1.531833843500708836e+00
1.000000000000000000e+00
1.531833843500708836e+00
1.000000000000000000e+00
1.469333843500708836e+00
1.000000000000000000e+00
1.469333843500708836e+00
1.000000000000000000e+00
1.469333843500708836e+00
1.000000000000000000e+00
1.469333843500708836e+00
1.000000000000000000e+00
2.498832312998582328e+00
1.000000000000000000e+00
1.625000000000000000e+00
1.000000000000000000e+00
2.591998469497873714e+00
1.000000000000000000e+00
1.437500000000000000e+00
1.000000000000000000e+00
2.028330782496455598e+00
1.000000000000000000e+00
1.375000000000000000e+00
1.000000000000000000e+00
1.375000000000000000e+00
1.000000000000000000e+00
1.250000000000000000e+00
1.000000000000000000e+00
1.250000000000000000e+00
1.000000000000000000e+00
1.187500000000000000e+00
1.000000000000000000e+00
1.125000000000000000e+00
1.000000000000000000e+00
1.125000000000000000e+00
1.000000000000000000e+00
2.154498469497873714e+00
1.000000000000000000e+00
1.062500000000000000e+00
1.000000000000000000e+00
1.000000000000000000e+00
1.000000000000000000e+00
8.750000000000000000e-01
1.000000000000000000e+00
9.693338435007088361e-01
1.000000000000000000e+00
8.761676870014176721e-01
1.000000000000000000e+00
2.061332312998582328e+00
1.000000000000000000e+00
7.511676870014176721e-01
1.000000000000000000e+00
1.469333843500708836e+00
1.000000000000000000e+00
1.406833843500708836e+00
1.000000000000000000e+00
1.406833843500708836e+00
1.000000000000000000e+00
1.406833843500708836e+00
1.000000000000000000e+00
1.406833843500708836e+00
1.000000000000000000e+00
1.406833843500708836e+00
1.000000000000000000e+00
2.561332312998582328e+00
1.000000000000000000e+00
1.437500000000000000e+00
1.000000000000000000e+00
-6.016462599716476678e-02
1.000000000000000000e+00
2.372664625997164656e+00
1.000000000000000000e+00
1.375000000000000000e+00
1.000000000000000000e+00
2.247664625997164656e+00
1.000000000000000000e+00
2.216998469497873714e+00
1.000000000000000000e+00
1.187500000000000000e+00
1.000000000000000000e+00
-2.476646259971647668e-01
1.000000000000000000e+00
-3.101646259971647668e-01
1.000000000000000000e+00
1.125000000000000000e+00
1.000000000000000000e+00
-3.726646259971647668e-01
1.000000000000000000e+00
2.154498469497873714e+00
1.000000000000000000e+00
9.068338435007088361e-01
1.000000000000000000e+00
9.693338435007088361e-01
1.000000000000000000e+00
2.061332312998582328e+00
1.000000000000000000e+00
1.469333843500708836e+00
1.000000000000000000e+00
2.250000000000000000e+00
1.000000000000000000e+00
1.531833843500708836e+00
1.000000000000000000e+00
1.531833843500708836e+00
1.000000000000000000e+00
1.344333843500708836e+00
1.000000000000000000e+00
1.344333843500708836e+00
1.000000000000000000e+00
1.344333843500708836e+00
1.000000000000000000e+00
-6.016462599716476678e-02
1.000000000000000000e+00
9.386676870014176721e-01
1.000000000000000000e+00
2.498832312998582328e+00
1.000000000000000000e+00
1.281833843500708836e+00
1.000000000000000000e+00
-6.016462599716476678e-02
1.000000000000000000e+00
1.281833843500708836e+00
1.000000000000000000e+00
1.250000000000000000e+00
1.000000000000000000e+00
1.250000000000000000e+00
1.000000000000000000e+00
2.216998469497873714e+00
1.000000000000000000e+00
2.186332312998582328e+00
