6.800000000000000488e-01,-9.536921905584122783e+00
1.000000000000000000e+00,-1.351401224401701073e+00
7.800000000000000266e-01,-6.224188368183839692e+00
1.000000000000000000e+00,1.329965544298440605e+00
1.000000000000000000e+00,1.304965544298440694e+00
1.000000000000000000e+00,1.304965544298440694e+00
1.000000000000000000e+00,1.279965544298440783e+00
1.000000000000000000e+00,1.279965544298440783e+00
1.000000000000000000e+00,1.617232006898157159e+00
1.000000000000000000e+00,1.598598775598298882e+00
1.000000000000000000e+00,1.542232006898157204e+00
1.000000000000000000e+00,1.161332312998582417e+00
1.000000000000000000e+00,1.429965544298440694e+00
1.000000000000000000e+00,1.654965544298440783e+00
1.000000000000000000e+00,1.336332312998582461e+00
1.000000000000000000e+00,1.336332312998582461e+00
1.000000000000000000e+00,1.317699081698724184e+00
1.000000000000000000e+00,3.650995408493620697e+00
1.000000000000000000e+00,2.931661564992911639e+00
1.000000000000000000e+00,7.783307824964558197e-01
1.000000000000000000e+00,2.588495408493620697e+00
1.000000000000000000e+00,2.463495408493620697e+00
1.000000000000000000e+00,2.556661564992911639e+00
1.000000000000000000e+00,3.305493877991494411e+00
1.000000000000000000e+00,2.492993877991494411e+00
1.000000000000000000e+00,1.650995408493620697e+00
1.000000000000000000e+00,1.525995408493620697e+00
1.000000000000000000e+00,1.400995408493620697e+00
1.000000000000000000e+00,1.275995408493620697e+00
1.000000000000000000e+00,1.057829251994329534e+00
1.000000000000000000e+00,1.057829251994329534e+00
1.000000000000000000e+00,9.328292519943295336e-01
1.000000000000000000e+00,5.896630954950383696e-01
1.000000000000000000e+00,4.646630954950383696e-01
1.000000000000000000e+00,1.557829251994329534e+00
1.000000000000000000e+00,1.521630954950383696e-01
1.000000000000000000e+00,3.089969389957472057e-01
1.000000000000000000e+00,2.833078249645581970e-02
1.000000000000000000e+00,5.908307824964558197e-01
1.000000000000000000e+00,-6.483537400283523322e-02
1.000000000000000000e+00,-3.148353740028352332e-01
1.000000000000000000e+00,3.101646259971647668e-01
1.000000000000000000e+00,1.226646259971647668e-01
1.000000000000000000e+00,-2.335374002835233220e-03
1.000000000000000000e+00,-6.483537400283523322e-02
1.000000000000000000e+00,-1.898353740028352332e-01
1.000000000000000000e+00,-6.483537400283523322e-02
1.000000000000000000e+00,-1.898353740028352332e-01
1.000000000000000000e+00,-4.398353740028352332e-01
1.000000000000000000e+00,-4.398353740028352332e-01
1.000000000000000000e+00,-6.898353740028352332e-01
1.000000000000000000e+00,-9.080015305021263972e-01
1.000000000000000000e+00,4.021630954950383696e-01
1.000000000000000000e+00,-1.158001530502126286e+00
1.000000000000000000e+00,-1.345501530502126286e+00
1.000000000000000000e+00,-1.376167687001417672e+00
1.000000000000000000e+00,-1.438667687001417672e+00
1.000000000000000000e+00,-1.563667687001417672e+00
1.000000000000000000e+00,-1.844333843500708836e+00
1.000000000000000000e+00,-1.937500000000000000e+00
1.000000000000000000e+00,-2.062500000000000000e+00
1.000000000000000000e+00,-2.250000000000000000e+00
1.000000000000000000e+00,-2.530666156499291386e+00
1.000000000000000000e+00,-2.405666156499291386e+00
1.000000000000000000e+00,-2.811332312998582328e+00
1.000000000000000000e+00,-2.811332312998582328e+00
1.000000000000000000e+00,-1.905666156499291164e+00
1.000000000000000000e+00,-9.068338435007088361e-01
1.000000000000000000e+00,-3.455015305021263972e-01
1.000000000000000000e+00,-6.886676870014176721e-01
1.000000000000000000e+00,-2.498832312998582328e+00
1.000000000000000000e+00,-2.686332312998582328e+00
1.000000000000000000e+00,-2.748832312998582328e+00
1.000000000000000000e+00,-2.811332312998582328e+00
1.000000000000000000e+00,-1.033001530502126286e+00
1.000000000000000000e+00,-1.219333843500708836e+00
1.000000000000000000e+00,-3.186332312998582328e+00
1.000000000000000000e+00,-2.966998469497873714e+00
1.000000000000000000e+00,-2.841998469497873714e+00
1.000000000000000000e+00,-2.997664625997164656e+00
1.000000000000000000e+00,-2.997664625997164656e+00
1.000000000000000000e+00,-7.193338435007088361e-01
1.000000000000000000e+00,-2.872664625997164656e+00
1.000000000000000000e+00,-2.747664625997164656e+00
1.000000000000000000e+00,-2.965830782496455598e+00
1.000000000000000000e+00,-2.840830782496455598e+00
1.000000000000000000e+00,-7.193338435007088361e-01
1.000000000000000000e+00,-2.840830782496455598e+00
1.000000000000000000e+00,-5.625000000000000000e-01
1.000000000000000000e+00,-7.181661564992911639e-01
1.000000000000000000e+00,-1.747664625997164656e+00
1.000000000000000000e+00,-7.806661564992911639e-01
1.000000000000000000e+00,-9.375000000000000000e-01
1.000000000000000000e+00,-1.872664625997164656e+00
1.000000000000000000e+00,-6.250000000000000000e-02
1.000000000000000000e+00,-1.872664625997164656e+00
1.000000000000000000e+00,-1.935164625997164656e+00
1.000000000000000000e+00,-1.997664625997164656e+00
1.000000000000000000e+00,-2.185164625997164656e+00
1.000000000000000000e+00,-2.247664625997164656e+00
1.000000000000000000e+00,-2.247664625997164656e+00
1.000000000000000000e+00,-2.091998469497873714e+00
1.000000000000000000e+00,-2.372664625997164656e+00
1.000000000000000000e+00,-2.372664625997164656e+00
1.000000000000000000e+00,-2.372664625997164656e+00
1.000000000000000000e+00,-4.693338435007088361e-01
1.000000000000000000e+00,-2.497664625997164656e+00
1.000000000000000000e+00,-2.653330782496455598e+00
1.000000000000000000e+00,-2.622664625997164656e+00
1.000000000000000000e+00,-2.715830782496455598e+00
1.000000000000000000e+00,-2.590830782496455598e+00
1.000000000000000000e+00,-5.625000000000000000e-01
1.000000000000000000e+00,-2.840830782496455598e+00
1.000000000000000000e+00,-5.931661564992911639e-01
1.000000000000000000e+00,-1.810164625997164656e+00
1.000000000000000000e+00,-1.747664625997164656e+00
1.000000000000000000e+00,-1.810164625997164656e+00
1.000000000000000000e+00,-5.931661564992911639e-01
1.000000000000000000e+00,0.000000000000000000e+00
1.000000000000000000e+00,-1.872664625997164656e+00
1.000000000000000000e+00,-6.250000000000000000e-02
1.000000000000000000e+00,-2.060164625997164656e+00
1.000000000000000000e+00,-9.433384350070880831e-02
1.000000000000000000e+00,-2.060164625997164656e+00
1.000000000000000000e+00,-2.060164625997164656e+00
1.000000000000000000e+00,-2.185164625997164656e+00
1.000000000000000000e+00,-2.185164625997164656e+00
1.000000000000000000e+00,-2.185164625997164656e+00
1.000000000000000000e+00,-2.372664625997164656e+00
1.000000000000000000e+00,-2.435164625997164656e+00
1.000000000000000000e+00,-2.435164625997164656e+00
1.000000000000000000e+00,-2.497664625997164656e+00
1.000000000000000000e+00,-2.435164625997164656e+00
1.000000000000000000e+00,-3.750000000000000000e-01
1.000000000000000000e+00,-2.653330782496455598e+00
1.000000000000000000e+00,-3.750000000000000000e-01
1.000000000000000000e+00,-2.653330782496455598e+00
1.000000000000000000e+00,-2.528330782496455598e+00
1.000000000000000000e+00,-5.931661564992911639e-01
1.000000000000000000e+00,-2.933996938995747428e+00
1.000000000000000000e+00,-2.871496938995747428e+00
1.000000000000000000e+00,-1.435164625997164656e+00
1.000000000000000000e+00,-1.560164625997164656e+00
1.000000000000000000e+00,-1.497664625997164656e+00
1.000000000000000000e+00,-1.622664625997164656e+00
1.000000000000000000e+00,-1.497664625997164656e+00
1.000000000000000000e+00,-1.622664625997164656e+00
1.000000000000000000e+00,-1.435164625997164656e+00
1.000000000000000000e+00,-1.622664625997164656e+00
1.000000000000000000e+00,-1.685164625997164656e+00
1.000000000000000000e+00,-1.622664625997164656e+00
1.000000000000000000e+00,-1.685164625997164656e+00
1.000000000000000000e+00,-1.436332312998582328e+00
1.000000000000000000e+00,-1.591998469497873714e+00
1.000000000000000000e+00,-1.623832312998582328e+00
1.000000000000000000e+00,-1.716998469497873714e+00
1.000000000000000000e+00,1.238323129985823834e-01
1.000000000000000000e+00,-1.779498469497873714e+00
1.000000000000000000e+00,3.066615649929119169e-02
1.000000000000000000e+00,-1.779498469497873714e+00
1.000000000000000000e+00,-1.935164625997164656e+00
1.000000000000000000e+00,9.316615649929119169e-02
1.000000000000000000e+00,9.316615649929119169e-02
1.000000000000000000e+00,6.250000000000000000e-02
1.000000000000000000e+00,0.000000000000000000e+00
1.000000000000000000e+00,-9.669984694978736028e-01
1.000000000000000000e+00,-2.193338435007088083e-01
1.000000000000000000e+00,5.931661564992911639e-01
1.000000000000000000e+00,-1.091998469497873714e+00
1.000000000000000000e+00,5.919984694978736028e-01
1.000000000000000000e+00,-1.029498469497873714e+00
1.000000000000000000e+00,-1.091998469497873714e+00
1.000000000000000000e+00,-1.029498469497873714e+00
1.000000000000000000e+00,-1.061332312998582328e+00
1.000000000000000000e+00,-9.363323129985823279e-01
1.000000000000000000e+00,-1.186332312998582328e+00
1.000000000000000000e+00,-9.681661564992911639e-01
1.000000000000000000e+00,-1.248832312998582328e+00
1.000000000000000000e+00,-1.248832312998582328e+00
1.000000000000000000e+00,-1.155666156499291164e+00
1.000000000000000000e+00,-1.311332312998582328e+00
1.000000000000000000e+00,-1.311332312998582328e+00
1.000000000000000000e+00,-1.248832312998582328e+00
1.000000000000000000e+00,-1.311332312998582328e+00
1.000000000000000000e+00,-1.248832312998582328e+00
1.000000000000000000e+00,-1.311332312998582328e+00
1.000000000000000000e+00,-1.436332312998582328e+00
1.000000000000000000e+00,-1.373832312998582328e+00
1.000000000000000000e+00,3.431661564992911639e-01
1.000000000000000000e+00,4.681661564992911639e-01
1.000000000000000000e+00,-4.056661564992911639e-01
1.000000000000000000e+00,1.123832312998582328e+00
1.000000000000000000e+00,-4.988323129985823834e-01
1.000000000000000000e+00,-4.681661564992911639e-01
1.000000000000000000e+00,-6.863323129985823279e-01
1.000000000000000000e+00,-5.306661564992911639e-01
1.000000000000000000e+00,-5.306661564992911639e-01
1.000000000000000000e+00,-4.681661564992911639e-01
1.000000000000000000e+00,-5.931661564992911639e-01
1.000000000000000000e+00,-5.931661564992911639e-01
1.000000000000000000e+00,-6.556661564992911639e-01
1.000000000000000000e+00,-1.685164625997164656e+00
1.000000000000000000e+00,-6.556661564992911639e-01
1.000000000000000000e+00,-7.181661564992911639e-01
1.000000000000000000e+00,-7.181661564992911639e-01
1.000000000000000000e+00,-7.806661564992911639e-01
1.000000000000000000e+00,-7.806661564992911639e-01
1.000000000000000000e+00,-7.500000000000000000e-01
1.000000000000000000e+00,-7.181661564992911639e-01
1.000000000000000000e+00,6.544984694978736028e-01
1.000000000000000000e+00,-8.431661564992911639e-01
1.000000000000000000e+00,-9.681661564992911639e-01
1.000000000000000000e+00,7.794984694978736028e-01
1.000000000000000000e+00,-9.363323129985823279e-01
1.000000000000000000e+00,-1.061332312998582328e+00
1.000000000000000000e+00,-6.250000000000000000e-02
1.000000000000000000e+00,-9.988323129985823279e-01
1.000000000000000000e+00,-9.316615649929119169e-02
1.000000000000000000e+00,-6.250000000000000000e-02
1.000000000000000000e+00,-6.250000000000000000e-02
1.000000000000000000e+00,-6.250000000000000000e-02
1.000000000000000000e+00,1.215830782496455820e+00
1.000000000000000000e+00,-1.250000000000000000e-01
1.000000000000000000e+00,-6.250000000000000000e-02
1.000000000000000000e+00,-1.250000000000000000e-01
1.000000000000000000e+00,-1.279498469497873714e+00
1.000000000000000000e+00,-1.568338435007088083e-01
1.000000000000000000e+00,-9.433384350070880831e-02
1.000000000000000000e+00,1.122664625997164656e+00
1.000000000000000000e+00,1.122664625997164656e+00
1.000000000000000000e+00,-3.750000000000000000e-01
1.000000000000000000e+00,1.060164625997164656e+00
1.000000000000000000e+00,-2.193338435007088083e-01
1.000000000000000000e+00,-5.000000000000000000e-01
1.000000000000000000e+00,-5.000000000000000000e-01
1.000000000000000000e+00,1.185164625997164656e+00
1.000000000000000000e+00,-4.375000000000000000e-01
1.000000000000000000e+00,-5.000000000000000000e-01
1.000000000000000000e+00,1.216998469497873714e+00
1.000000000000000000e+00,5.306661564992911639e-01
1.000000000000000000e+00,-6.556661564992911639e-01
1.000000000000000000e+00,1.747664625997164656e+00
1.000000000000000000e+00,4.056661564992911639e-01
1.000000000000000000e+00,3.125000000000000000e-01
1.000000000000000000e+00,2.806661564992911639e-01
1.000000000000000000e+00,2.806661564992911639e-01
1.000000000000000000e+00,2.806661564992911639e-01
1.000000000000000000e+00,3.431661564992911639e-01
1.000000000000000000e+00,1.590830782496455820e+00
1.000000000000000000e+00,2.806661564992911639e-01
1.000000000000000000e+00,2.806661564992911639e-01
1.000000000000000000e+00,2.181661564992911917e-01
1.000000000000000000e+00,1.556661564992911917e-01
1.000000000000000000e+00,1.528330782496455820e+00
1.000000000000000000e+00,1.238323129985823834e-01
1.000000000000000000e+00,2.488323129985823834e-01
1.000000000000000000e+00,1.238323129985823834e-01
1.000000000000000000e+00,1.863323129985823834e-01
1.000000000000000000e+00,6.133231299858238339e-02
1.000000000000000000e+00,-6.366768700141761661e-02
1.000000000000000000e+00,1.435164625997164656e+00
1.000000000000000000e+00,1.528330782496455820e+00
1.000000000000000000e+00,1.310164625997164656e+00
1.000000000000000000e+00,1.466998469497873714e+00
1.000000000000000000e+00,-6.250000000000000000e-02
1.000000000000000000e+00,1.278330782496455820e+00
1.000000000000000000e+00,1.903330782496455820e+00
1.000000000000000000e+00,8.113323129985823279e-01
1.000000000000000000e+00,8.113323129985823279e-01
1.000000000000000000e+00,2.028330782496455598e+00
1.000000000000000000e+00,8.113323129985823279e-01
1.000000000000000000e+00,6.238323129985823279e-01
1.000000000000000000e+00,6.863323129985823279e-01
1.000000000000000000e+00,6.238323129985823279e-01
1.000000000000000000e+00,8.113323129985823279e-01
1.000000000000000000e+00,2.058996938995747428e+00
1.000000000000000000e+00,6.238323129985823279e-01
1.000000000000000000e+00,7.794984694978736028e-01
1.000000000000000000e+00,5.613323129985823279e-01
1.000000000000000000e+00,6.544984694978736028e-01
1.000000000000000000e+00,1.933996938995747206e+00
1.000000000000000000e+00,4.988323129985823834e-01
1.000000000000000000e+00,4.363323129985823834e-01
1.000000000000000000e+00,-7.181661564992911639e-01
1.000000000000000000e+00,4.044984694978736028e-01
1.000000000000000000e+00,3.738323129985823834e-01
1.000000000000000000e+00,2.488323129985823834e-01
1.000000000000000000e+00,4.056661564992911639e-01
1.000000000000000000e+00,1.715830782496455820e+00
1.000000000000000000e+00,3.431661564992911639e-01
1.000000000000000000e+00,1.186332312998582328e+00
1.000000000000000000e+00,2.340830782496455598e+00
1.000000000000000000e+00,1.061332312998582328e+00
1.000000000000000000e+00,1.248832312998582328e+00
1.000000000000000000e+00,1.279498469497873714e+00
1.000000000000000000e+00,1.216998469497873714e+00
1.000000000000000000e+00,1.341998469497873714e+00
1.000000000000000000e+00,1.154498469497873714e+00
1.000000000000000000e+00,1.216998469497873714e+00
1.000000000000000000e+00,2.277163095495038370e+00
1.000000000000000000e+00,1.247664625997164656e+00
1.000000000000000000e+00,1.185164625997164656e+00
1.000000000000000000e+00,1.185164625997164656e+00
1.000000000000000000e+00,1.060164625997164656e+00
1.000000000000000000e+00,1.122664625997164656e+00
1.000000000000000000e+00,1.060164625997164656e+00
1.000000000000000000e+00,2.089663095495038370e+00
1.000000000000000000e+00,1.060164625997164656e+00
1.000000000000000000e+00,2.152163095495038370e+00
1.000000000000000000e+00,9.044984694978736028e-01
1.000000000000000000e+00,9.351646259971647668e-01
1.000000000000000000e+00,1.996496938995747206e+00
1.000000000000000000e+00,2.246496938995747428e+00
1.000000000000000000e+00,1.996496938995747206e+00
1.000000000000000000e+00,1.933996938995747206e+00
1.000000000000000000e+00,1.216998469497873714e+00
1.000000000000000000e+00,2.558996938995747428e+00
1.000000000000000000e+00,1.529498469497873714e+00
1.000000000000000000e+00,1.622664625997164656e+00
1.000000000000000000e+00,1.685164625997164656e+00
1.000000000000000000e+00,1.685164625997164656e+00
1.000000000000000000e+00,1.622664625997164656e+00
1.000000000000000000e+00,1.747664625997164656e+00
1.000000000000000000e+00,1.497664625997164656e+00
1.000000000000000000e+00,1.622664625997164656e+00
1.000000000000000000e+00,1.465830782496455820e+00
1.000000000000000000e+00,1.590830782496455820e+00
1.000000000000000000e+00,1.528330782496455820e+00
1.000000000000000000e+00,2.527163095495038370e+00
1.000000000000000000e+00,1.465830782496455820e+00
1.000000000000000000e+00,1.465830782496455820e+00
1.000000000000000000e+00,2.464663095495038370e+00
1.000000000000000000e+00,1.403330782496455820e+00
1.000000000000000000e+00,2.402163095495038370e+00
1.000000000000000000e+00,2.557829251994329312e+00
1.000000000000000000e+00,1.215830782496455820e+00
1.000000000000000000e+00,1.372664625997164656e+00
1.000000000000000000e+00,2.527163095495038370e+00
1.000000000000000000e+00,2.152163095495038370e+00
1.000000000000000000e+00,3.027163095495038370e+00
1.000000000000000000e+00,2.808996938995747428e+00
1.000000000000000000e+00,2.714663095495038370e+00
1.000000000000000000e+00,1.622664625997164656e+00
1.000000000000000000e+00,1.560164625997164656e+00
1.000000000000000000e+00,1.840830782496455820e+00
1.000000000000000000e+00,2.714663095495038370e+00
1.000000000000000000e+00,2.714663095495038370e+00
1.000000000000000000e+00,1.590830782496455820e+00
1.000000000000000000e+00,1.590830782496455820e+00
1.000000000000000000e+00,2.807829251994329312e+00
1.000000000000000000e+00,1.465830782496455820e+00
1.000000000000000000e+00,1.465830782496455820e+00
1.000000000000000000e+00,1.465830782496455820e+00
1.000000000000000000e+00,1.403330782496455820e+00
1.000000000000000000e+00,1.340830782496455820e+00
1.000000000000000000e+00,1.278330782496455820e+00
1.000000000000000000e+00,1.340830782496455820e+00
1.000000000000000000e+00,1.215830782496455820e+00
1.000000000000000000e+00,1.153330782496455820e+00
1.000000000000000000e+00,2.402163095495038370e+00
1.000000000000000000e+00,2.152163095495038370e+00
1.000000000000000000e+00,6.544984694978736028e-01
1.000000000000000000e+00,2.277163095495038370e+00
1.000000000000000000e+00,1.060164625997164656e+00
1.000000000000000000e+00,9.976646259971647668e-01
1.000000000000000000e+00,1.747664625997164656e+00
1.000000000000000000e+00,1.622664625997164656e+00
1.000000000000000000e+00,1.560164625997164656e+00
1.000000000000000000e+00,2.714663095495038370e+00
1.000000000000000000e+00,2.652163095495038370e+00
1.000000000000000000e+00,1.497664625997164656e+00
1.000000000000000000e+00,1.653330782496455820e+00
1.000000000000000000e+00,1.590830782496455820e+00
1.000000000000000000e+00,1.590830782496455820e+00
1.000000000000000000e+00,1.403330782496455820e+00
1.000000000000000000e+00,1.465830782496455820e+00
1.000000000000000000e+00,2.557829251994329312e+00
1.000000000000000000e+00,1.403330782496455820e+00
1.000000000000000000e+00,1.340830782496455820e+00
1.000000000000000000e+00,2.338495408493620697e+00
1.000000000000000000e+00,1.340830782496455820e+00
1.000000000000000000e+00,1.215830782496455820e+00
1.000000000000000000e+00,1.215830782496455820e+00
1.000000000000000000e+00,1.153330782496455820e+00
1.000000000000000000e+00,9.976646259971647668e-01
1.000000000000000000e+00,9.033307824964558197e-01
1.000000000000000000e+00,2.277163095495038370e+00
1.000000000000000000e+00,2.152163095495038370e+00
1.000000000000000000e+00,9.976646259971647668e-01
1.000000000000000000e+00,-3.750000000000000000e-01
1.000000000000000000e+00,2.714663095495038370e+00
1.000000000000000000e+00,1.560164625997164656e+00
1.000000000000000000e+00,2.714663095495038370e+00
1.000000000000000000e+00,1.560164625997164656e+00
1.000000000000000000e+00,1.497664625997164656e+00
1.000000000000000000e+00,1.590830782496455820e+00
1.000000000000000000e+00,1.528330782496455820e+00
1.000000000000000000e+00,2.652163095495038370e+00
1.000000000000000000e+00,1.465830782496455820e+00
1.000000000000000000e+00,1.528330782496455820e+00
1.000000000000000000e+00,1.465830782496455820e+00
1.000000000000000000e+00,1.403330782496455820e+00
1.000000000000000000e+00,2.432829251994329312e+00
1.000000000000000000e+00,2.213495408493620697e+00
1.000000000000000000e+00,1.278330782496455820e+00
1.000000000000000000e+00,8.419984694978736028e-01
1.000000000000000000e+00,2.214663095495038370e+00
1.000000000000000000e+00,1.153330782496455820e+00
1.000000000000000000e+00,2.152163095495038370e+00
1.000000000000000000e+00,2.089663095495038370e+00
1.000000000000000000e+00,7.794984694978736028e-01
1.000000000000000000e+00,2.152163095495038370e+00
1.000000000000000000e+00,9.976646259971647668e-01
1.000000000000000000e+00,2.027163095495038370e+00
1.000000000000000000e+00,1.996496938995747206e+00
1.000000000000000000e+00,2.777163095495038370e+00
1.000000000000000000e+00,1.497664625997164656e+00
1.000000000000000000e+00,1.653330782496455820e+00
1.000000000000000000e+00,1.560164625997164656e+00
1.000000000000000000e+00,1.435164625997164656e+00
1.000000000000000000e+00,1.556661564992911917e-01
1.000000000000000000e+00,9.316615649929119169e-02
1.000000000000000000e+00,1.590830782496455820e+00
1.000000000000000000e+00,1.435164625997164656e+00
1.000000000000000000e+00,2.589663095495038370e+00
1.000000000000000000e+00,1.403330782496455820e+00
1.000000000000000000e+00,1.403330782496455820e+00
1.000000000000000000e+00,2.307829251994329312e+00
1.000000000000000000e+00,1.278330782496455820e+00
1.000000000000000000e+00,2.432829251994329312e+00
1.000000000000000000e+00,1.153330782496455820e+00
1.000000000000000000e+00,2.245329251994329312e+00
1.000000000000000000e+00,1.090830782496455820e+00
1.000000000000000000e+00,1.153330782496455820e+00
1.000000000000000000e+00,2.152163095495038370e+00
1.000000000000000000e+00,8.726646259971647668e-01
1.000000000000000000e+00,1.996496938995747206e+00
1.000000000000000000e+00,2.246496938995747428e+00
1.000000000000000000e+00,7.169984694978736028e-01
1.000000000000000000e+00,1.622664625997164656e+00
1.000000000000000000e+00,1.560164625997164656e+00
1.000000000000000000e+00,2.181661564992911917e-01
1.000000000000000000e+00,1.497664625997164656e+00
1.000000000000000000e+00,1.435164625997164656e+00
1.000000000000000000e+00,1.497664625997164656e+00
1.000000000000000000e+00,1.372664625997164656e+00
1.000000000000000000e+00,1.372664625997164656e+00
1.000000000000000000e+00,1.372664625997164656e+00
1.000000000000000000e+00,1.310164625997164656e+00
1.000000000000000000e+00,1.310164625997164656e+00
1.000000000000000000e+00,1.278330782496455820e+00
1.000000000000000000e+00,1.278330782496455820e+00
1.000000000000000000e+00,1.340830782496455820e+00
1.000000000000000000e+00,1.278330782496455820e+00
1.000000000000000000e+00,1.215830782496455820e+00
1.000000000000000000e+00,1.153330782496455820e+00
1.000000000000000000e+00,1.153330782496455820e+00
1.000000000000000000e+00,1.028330782496455820e+00
1.000000000000000000e+00,2.089663095495038370e+00
1.000000000000000000e+00,2.214663095495038370e+00
1.000000000000000000e+00,2.089663095495038370e+00
1.000000000000000000e+00,1.996496938995747206e+00
1.000000000000000000e+00,1.996496938995747206e+00
1.000000000000000000e+00,1.497664625997164656e+00
1.000000000000000000e+00,3.066615649929119169e-02
1.000000000000000000e+00,1.560164625997164656e+00
1.000000000000000000e+00,1.372664625997164656e+00
1.000000000000000000e+00,1.372664625997164656e+00
1.000000000000000000e+00,1.435164625997164656e+00
1.000000000000000000e+00,2.527163095495038370e+00
1.000000000000000000e+00,1.372664625997164656e+00
1.000000000000000000e+00,1.372664625997164656e+00
1.000000000000000000e+00,1.310164625997164656e+00
1.000000000000000000e+00,2.527163095495038370e+00
1.000000000000000000e+00,1.372664625997164656e+00
1.000000000000000000e+00,2.464663095495038370e+00
1.000000000000000000e+00,1.247664625997164656e+00
1.000000000000000000e+00,1.215830782496455820e+00
1.000000000000000000e+00,1.215830782496455820e+00
1.000000000000000000e+00,1.090830782496455820e+00
1.000000000000000000e+00,1.153330782496455820e+00
1.000000000000000000e+00,1.090830782496455820e+00
1.000000000000000000e+00,9.351646259971647668e-01
1.000000000000000000e+00,2.027163095495038370e+00
1.000000000000000000e+00,2.120329251994329312e+00
1.000000000000000000e+00,9.351646259971647668e-01
1.000000000000000000e+00,2.089663095495038370e+00
1.000000000000000000e+00,7.794984694978736028e-01
1.000000000000000000e+00,1.933996938995747206e+00
1.000000000000000000e+00,2.089663095495038370e+00
1.000000000000000000e+00,1.404498469497873714e+00
1.000000000000000000e+00,2.558996938995747428e+00
1.000000000000000000e+00,2.589663095495038370e+00
1.000000000000000000e+00,1.372664625997164656e+00
1.000000000000000000e+00,1.372664625997164656e+00
1.000000000000000000e+00,1.310164625997164656e+00
1.000000000000000000e+00,1.310164625997164656e+00
1.000000000000000000e+00,1.310164625997164656e+00
1.000000000000000000e+00,1.465830782496455820e+00
1.000000000000000000e+00,1.310164625997164656e+00
1.000000000000000000e+00,1.340830782496455820e+00
1.000000000000000000e+00,1.153330782496455820e+00
1.000000000000000000e+00,1.122664625997164656e+00
1.000000000000000000e+00,1.215830782496455820e+00
1.000000000000000000e+00,2.307829251994329312e+00
1.000000000000000000e+00,9.976646259971647668e-01
1.000000000000000000e+00,1.090830782496455820e+00
1.000000000000000000e+00,1.028330782496455820e+00
1.000000000000000000e+00,8.726646259971647668e-01
1.000000000000000000e+00,2.027163095495038370e+00
1.000000000000000000e+00,2.152163095495038370e+00
1.000000000000000000e+00,1.777163095495038370e+00
1.000000000000000000e+00,8.726646259971647668e-01
1.000000000000000000e+00,9.044984694978736028e-01
1.000000000000000000e+00,8.419984694978736028e-01
1.000000000000000000e+00,1.497664625997164656e+00
1.000000000000000000e+00,1.372664625997164656e+00
1.000000000000000000e+00,1.310164625997164656e+00
1.000000000000000000e+00,1.372664625997164656e+00
1.000000000000000000e+00,1.435164625997164656e+00
1.000000000000000000e+00,1.310164625997164656e+00
1.000000000000000000e+00,1.372664625997164656e+00
1.000000000000000000e+00,1.185164625997164656e+00
1.000000000000000000e+00,1.247664625997164656e+00
1.000000000000000000e+00,1.310164625997164656e+00
1.000000000000000000e+00,1.185164625997164656e+00
1.000000000000000000e+00,1.278330782496455820e+00
1.000000000000000000e+00,2.182829251994329312e+00
1.000000000000000000e+00,1.060164625997164656e+00
1.000000000000000000e+00,1.028330782496455820e+00
1.000000000000000000e+00,1.090830782496455820e+00
1.000000000000000000e+00,9.658307824964558197e-01
1.000000000000000000e+00,9.351646259971647668e-01
1.000000000000000000e+00,9.351646259971647668e-01
1.000000000000000000e+00,2.027163095495038370e+00
1.000000000000000000e+00,8.101646259971647668e-01
1.000000000000000000e+00,2.183996938995747428e+00
1.000000000000000000e+00,1.714663095495038370e+00
1.000000000000000000e+00,7.794984694978736028e-01
1.000000000000000000e+00,6.238323129985823279e-01
1.000000000000000000e+00,1.497664625997164656e+00
1.000000000000000000e+00,1.404498469497873714e+00
1.000000000000000000e+00,2.433996938995747428e+00
1.000000000000000000e+00,1.435164625997164656e+00
1.000000000000000000e+00,1.404498469497873714e+00
1.000000000000000000e+00,1.310164625997164656e+00
1.000000000000000000e+00,1.435164625997164656e+00
1.000000000000000000e+00,-1.250000000000000000e-01
1.000000000000000000e+00,1.185164625997164656e+00
1.000000000000000000e+00,1.185164625997164656e+00
1.000000000000000000e+00,1.122664625997164656e+00
1.000000000000000000e+00,1.122664625997164656e+00
1.000000000000000000e+00,1.185164625997164656e+00
1.000000000000000000e+00,1.153330782496455820e+00
1.000000000000000000e+00,1.090830782496455820e+00
1.000000000000000000e+00,1.028330782496455820e+00
1.000000000000000000e+00,1.028330782496455820e+00
1.000000000000000000e+00,2.027163095495038370e+00
1.000000000000000000e+00,1.902163095495038370e+00
1.000000000000000000e+00,1.839663095495038370e+00
1.000000000000000000e+00,7.169984694978736028e-01
1.000000000000000000e+00,2.121496938995747428e+00
1.000000000000000000e+00,7.169984694978736028e-01
1.000000000000000000e+00,1.808996938995747206e+00
1.000000000000000000e+00,1.808996938995747206e+00
1.000000000000000000e+00,2.496496938995747428e+00
1.000000000000000000e+00,1.279498469497873714e+00
1.000000000000000000e+00,1.341998469497873714e+00
1.000000000000000000e+00,1.279498469497873714e+00
1.000000000000000000e+00,1.435164625997164656e+00
1.000000000000000000e+00,2.371496938995747428e+00
1.000000000000000000e+00,1.247664625997164656e+00
1.000000000000000000e+00,1.247664625997164656e+00
1.000000000000000000e+00,1.185164625997164656e+00
1.000000000000000000e+00,1.247664625997164656e+00
1.000000000000000000e+00,2.339663095495038370e+00
1.000000000000000000e+00,1.278330782496455820e+00
1.000000000000000000e+00,1.060164625997164656e+00
1.000000000000000000e+00,9.976646259971647668e-01
1.000000000000000000e+00,9.976646259971647668e-01
1.000000000000000000e+00,1.060164625997164656e+00
1.000000000000000000e+00,8.726646259971647668e-01
1.000000000000000000e+00,7.476646259971647668e-01
1.000000000000000000e+00,2.027163095495038370e+00
1.000000000000000000e+00,2.027163095495038370e+00
1.000000000000000000e+00,6.226646259971647668e-01
1.000000000000000000e+00,1.871496938995747206e+00
1.000000000000000000e+00,6.544984694978736028e-01
1.000000000000000000e+00,1.777163095495038370e+00
1.000000000000000000e+00,7.794984694978736028e-01
1.000000000000000000e+00,2.433996938995747428e+00
1.000000000000000000e+00,2.371496938995747428e+00
1.000000000000000000e+00,1.216998469497873714e+00
1.000000000000000000e+00,1.216998469497873714e+00
1.000000000000000000e+00,1.279498469497873714e+00
1.000000000000000000e+00,1.310164625997164656e+00
1.000000000000000000e+00,2.402163095495038370e+00
1.000000000000000000e+00,1.310164625997164656e+00
1.000000000000000000e+00,1.185164625997164656e+00
1.000000000000000000e+00,1.247664625997164656e+00
1.000000000000000000e+00,2.339663095495038370e+00
1.000000000000000000e+00,9.976646259971647668e-01
1.000000000000000000e+00,1.247664625997164656e+00
1.000000000000000000e+00,1.122664625997164656e+00
1.000000000000000000e+00,1.028330782496455820e+00
1.000000000000000000e+00,9.976646259971647668e-01
1.000000000000000000e+00,9.976646259971647668e-01
1.000000000000000000e+00,9.351646259971647668e-01
1.000000000000000000e+00,1.964663095495038370e+00
1.000000000000000000e+00,8.101646259971647668e-01
1.000000000000000000e+00,8.101646259971647668e-01
1.000000000000000000e+00,5.919984694978736028e-01
1.000000000000000000e+00,5.613323129985823279e-01
1.000000000000000000e+00,1.996496938995747206e+00
1.000000000000000000e+00,1.683996938995747206e+00
1.000000000000000000e+00,2.371496938995747428e+00
1.000000000000000000e+00,2.246496938995747428e+00
1.000000000000000000e+00,2.433996938995747428e+00
1.000000000000000000e+00,1.216998469497873714e+00
1.000000000000000000e+00,1.279498469497873714e+00
1.000000000000000000e+00,1.310164625997164656e+00
1.000000000000000000e+00,2.402163095495038370e+00
1.000000000000000000e+00,1.310164625997164656e+00
1.000000000000000000e+00,2.339663095495038370e+00
1.000000000000000000e+00,1.185164625997164656e+00
1.000000000000000000e+00,9.976646259971647668e-01
1.000000000000000000e+00,2.214663095495038370e+00
1.000000000000000000e+00,1.153330782496455820e+00
1.000000000000000000e+00,1.060164625997164656e+00
1.000000000000000000e+00,9.976646259971647668e-01
1.000000000000000000e+00,9.976646259971647668e-01
1.000000000000000000e+00,9.976646259971647668e-01
1.000000000000000000e+00,8.726646259971647668e-01
1.000000000000000000e+00,6.226646259971647668e-01
1.000000000000000000e+00,8.101646259971647668e-01
1.000000000000000000e+00,1.871496938995747206e+00
1.000000000000000000e+00,2.058996938995747428e+00
1.000000000000000000e+00,1.996496938995747206e+00
1.000000000000000000e+00,1.746496938995747206e+00
1.000000000000000000e+00,1.372664625997164656e+00
1.000000000000000000e+00,2.371496938995747428e+00
1.000000000000000000e+00,1.216998469497873714e+00
1.000000000000000000e+00,1.216998469497873714e+00
1.000000000000000000e+00,1.216998469497873714e+00
1.000000000000000000e+00,2.277163095495038370e+00
1.000000000000000000e+00,1.310164625997164656e+00
1.000000000000000000e+00,1.185164625997164656e+00
1.000000000000000000e+00,1.247664625997164656e+00
1.000000000000000000e+00,9.669984694978736028e-01
1.000000000000000000e+00,1.185164625997164656e+00
1.000000000000000000e+00,1.122664625997164656e+00
1.000000000000000000e+00,9.976646259971647668e-01
1.000000000000000000e+00,1.060164625997164656e+00
1.000000000000000000e+00,2.089663095495038370e+00
1.000000000000000000e+00,-5.000000000000000000e-01
1.000000000000000000e+00,-5.000000000000000000e-01
1.000000000000000000e+00,8.726646259971647668e-01
1.000000000000000000e+00,8.726646259971647668e-01
1.000000000000000000e+00,1.902163095495038370e+00
1.000000000000000000e+00,7.476646259971647668e-01
1.000000000000000000e+00,-6.875000000000000000e-01
1.000000000000000000e+00,7.169984694978736028e-01
1.000000000000000000e+00,4.988323129985823834e-01
1.000000000000000000e+00,4.363323129985823834e-01
1.000000000000000000e+00,4.363323129985823834e-01
1.000000000000000000e+00,1.216998469497873714e+00
1.000000000000000000e+00,1.154498469497873714e+00
1.000000000000000000e+00,1.216998469497873714e+00
1.000000000000000000e+00,1.216998469497873714e+00
1.000000000000000000e+00,1.154498469497873714e+00
1.000000000000000000e+00,1.154498469497873714e+00
1.000000000000000000e+00,1.247664625997164656e+00
1.000000000000000000e+00,2.277163095495038370e+00
1.000000000000000000e+00,2.214663095495038370e+00
1.000000000000000000e+00,1.060164625997164656e+00
1.000000000000000000e+00,1.060164625997164656e+00
1.000000000000000000e+00,1.122664625997164656e+00
1.000000000000000000e+00,9.976646259971647668e-01
1.000000000000000000e+00,9.351646259971647668e-01
1.000000000000000000e+00,9.976646259971647668e-01
1.000000000000000000e+00,8.726646259971647668e-01
1.000000000000000000e+00,8.101646259971647668e-01
1.000000000000000000e+00,7.476646259971647668e-01
1.000000000000000000e+00,1.808996938995747206e+00
1.000000000000000000e+00,1.933996938995747206e+00
1.000000000000000000e+00,5.919984694978736028e-01
1.000000000000000000e+00,1.933996938995747206e+00
1.000000000000000000e+00,5.919984694978736028e-01
1.000000000000000000e+00,1.903330782496455820e+00
1.000000000000000000e+00,3.738323129985823834e-01
1.000000000000000000e+00,2.371496938995747428e+00
1.000000000000000000e+00,2.246496938995747428e+00
1.000000000000000000e+00,2.246496938995747428e+00
1.000000000000000000e+00,2.308996938995747428e+00
1.000000000000000000e+00,1.091998469497873714e+00
1.000000000000000000e+00,1.091998469497873714e+00
1.000000000000000000e+00,2.277163095495038370e+00
1.000000000000000000e+00,1.122664625997164656e+00
1.000000000000000000e+00,2.277163095495038370e+00
1.000000000000000000e+00,1.122664625997164656e+00
1.000000000000000000e+00,9.976646259971647668e-01
1.000000000000000000e+00,9.976646259971647668e-01
1.000000000000000000e+00,9.351646259971647668e-01
1.000000000000000000e+00,8.726646259971647668e-01
1.000000000000000000e+00,8.726646259971647668e-01
1.000000000000000000e+00,7.476646259971647668e-01
1.000000000000000000e+00,1.902163095495038370e+00
1.000000000000000000e+00,8.101646259971647668e-01
1.000000000000000000e+00,6.226646259971647668e-01
1.000000000000000000e+00,6.851646259971647668e-01
1.000000000000000000e+00,1.933996938995747206e+00
1.000000000000000000e+00,1.933996938995747206e+00
1.000000000000000000e+00,1.903330782496455820e+00
1.000000000000000000e+00,1.621496938995747206e+00
1.000000000000000000e+00,2.488323129985823834e-01
1.000000000000000000e+00,2.215830782496455598e+00
1.000000000000000000e+00,2.183996938995747428e+00
1.000000000000000000e+00,2.183996938995747428e+00
1.000000000000000000e+00,1.091998469497873714e+00
1.000000000000000000e+00,1.029498469497873714e+00
1.000000000000000000e+00,2.308996938995747428e+00
1.000000000000000000e+00,2.277163095495038370e+00
1.000000000000000000e+00,1.060164625997164656e+00
1.000000000000000000e+00,1.060164625997164656e+00
1.000000000000000000e+00,9.976646259971647668e-01
1.000000000000000000e+00,9.976646259971647668e-01
1.000000000000000000e+00,2.089663095495038370e+00
1.000000000000000000e+00,9.351646259971647668e-01
1.000000000000000000e+00,9.351646259971647668e-01
1.000000000000000000e+00,8.101646259971647668e-01
1.000000000000000000e+00,1.902163095495038370e+00
1.000000000000000000e+00,7.476646259971647668e-01
1.000000000000000000e+00,6.851646259971647668e-01
1.000000000000000000e+00,1.620329251994329534e+00
1.000000000000000000e+00,1.746496938995747206e+00
1.000000000000000000e+00,4.669984694978736028e-01
1.000000000000000000e+00,1.558996938995747206e+00
1.000000000000000000e+00,1.746496938995747206e+00
1.000000000000000000e+00,4.044984694978736028e-01
1.000000000000000000e+00,1.091998469497873714e+00
1.000000000000000000e+00,1.091998469497873714e+00
1.000000000000000000e+00,1.091998469497873714e+00
1.000000000000000000e+00,1.029498469497873714e+00
1.000000000000000000e+00,2.121496938995747428e+00
1.000000000000000000e+00,2.058996938995747428e+00
1.000000000000000000e+00,1.029498469497873714e+00
1.000000000000000000e+00,1.029498469497873714e+00
1.000000000000000000e+00,9.351646259971647668e-01
1.000000000000000000e+00,1.060164625997164656e+00
1.000000000000000000e+00,1.060164625997164656e+00
1.000000000000000000e+00,9.976646259971647668e-01
1.000000000000000000e+00,2.089663095495038370e+00
1.000000000000000000e+00,8.726646259971647668e-01
1.000000000000000000e+00,1.964663095495038370e+00
1.000000000000000000e+00,8.101646259971647668e-01
1.000000000000000000e+00,8.101646259971647668e-01
1.000000000000000000e+00,1.777163095495038370e+00
1.000000000000000000e+00,1.808996938995747206e+00
1.000000000000000000e+00,4.988323129985823834e-01
1.000000000000000000e+00,1.871496938995747206e+00
1.000000000000000000e+00,1.871496938995747206e+00
1.000000000000000000e+00,1.871496938995747206e+00
1.000000000000000000e+00,2.488323129985823834e-01
1.000000000000000000e+00,1.808996938995747206e+00
1.000000000000000000e+00,1.863323129985823834e-01
1.000000000000000000e+00,2.278330782496455598e+00
1.000000000000000000e+00,1.091998469497873714e+00
1.000000000000000000e+00,2.371496938995747428e+00
1.000000000000000000e+00,1.029498469497873714e+00
1.000000000000000000e+00,1.029498469497873714e+00
1.000000000000000000e+00,9.669984694978736028e-01
1.000000000000000000e+00,2.089663095495038370e+00
1.000000000000000000e+00,9.669984694978736028e-01
1.000000000000000000e+00,2.089663095495038370e+00
1.000000000000000000e+00,9.044984694978736028e-01
1.000000000000000000e+00,9.351646259971647668e-01
1.000000000000000000e+00,9.351646259971647668e-01
1.000000000000000000e+00,1.964663095495038370e+00
1.000000000000000000e+00,8.101646259971647668e-01
1.000000000000000000e+00,1.839663095495038370e+00
1.000000000000000000e+00,7.476646259971647668e-01
1.000000000000000000e+00,6.851646259971647668e-01
1.000000000000000000e+00,6.226646259971647668e-01
1.000000000000000000e+00,4.363323129985823834e-01
1.000000000000000000e+00,1.621496938995747206e+00
1.000000000000000000e+00,1.652163095495038370e+00
1.000000000000000000e+00,1.746496938995747206e+00
1.000000000000000000e+00,1.903330782496455820e+00
1.000000000000000000e+00,1.621496938995747206e+00
1.000000000000000000e+00,3.113323129985823834e-01
1.000000000000000000e+00,3.113323129985823834e-01
1.000000000000000000e+00,2.308996938995747428e+00
1.000000000000000000e+00,1.029498469497873714e+00
1.000000000000000000e+00,9.669984694978736028e-01
1.000000000000000000e+00,9.669984694978736028e-01
1.000000000000000000e+00,9.044984694978736028e-01
1.000000000000000000e+00,-3.125000000000000000e-01
1.000000000000000000e+00,2.183996938995747428e+00
1.000000000000000000e+00,9.044984694978736028e-01
1.000000000000000000e+00,8.419984694978736028e-01
1.000000000000000000e+00,8.419984694978736028e-01
1.000000000000000000e+00,8.101646259971647668e-01
1.000000000000000000e+00,8.101646259971647668e-01
1.000000000000000000e+00,1.839663095495038370e+00
1.000000000000000000e+00,7.476646259971647668e-01
1.000000000000000000e+00,6.851646259971647668e-01
1.000000000000000000e+00,6.851646259971647668e-01
1.000000000000000000e+00,6.226646259971647668e-01
1.000000000000000000e+00,5.294984694978736028e-01
1.000000000000000000e+00,4.044984694978736028e-01
1.000000000000000000e+00,4.044984694978736028e-01
1.000000000000000000e+00,1.863323129985823834e-01
1.000000000000000000e+00,1.621496938995747206e+00
1.000000000000000000e+00,1.778330782496455820e+00
1.000000000000000000e+00,1.091998469497873714e+00
1.000000000000000000e+00,3.113323129985823834e-01
1.000000000000000000e+00,1.029498469497873714e+00
1.000000000000000000e+00,2.308996938995747428e+00
1.000000000000000000e+00,9.044984694978736028e-01
1.000000000000000000e+00,2.121496938995747428e+00
1.000000000000000000e+00,8.419984694978736028e-01
1.000000000000000000e+00,8.419984694978736028e-01
1.000000000000000000e+00,8.419984694978736028e-01
1.000000000000000000e+00,9.351646259971647668e-01
1.000000000000000000e+00,8.726646259971647668e-01
1.000000000000000000e+00,6.851646259971647668e-01
1.000000000000000000e+00,1.964663095495038370e+00
1.000000000000000000e+00,7.476646259971647668e-01
1.000000000000000000e+00,1.964663095495038370e+00
1.000000000000000000e+00,7.476646259971647668e-01
1.000000000000000000e+00,5.294984694978736028e-01
1.000000000000000000e+00,5.294984694978736028e-01
1.000000000000000000e+00,5.294984694978736028e-01
1.000000000000000000e+00,4.044984694978736028e-01
1.000000000000000000e+00,3.738323129985823834e-01
1.000000000000000000e+00,1.683996938995747206e+00
1.000000000000000000e+00,1.683996938995747206e+00
1.000000000000000000e+00,1.840830782496455820e+00
1.000000000000000000e+00,1.029498469497873714e+00
1.000000000000000000e+00,9.316615649929119169e-02
1.000000000000000000e+00,9.316615649929119169e-02
1.000000000000000000e+00,1.029498469497873714e+00
1.000000000000000000e+00,9.669984694978736028e-01
1.000000000000000000e+00,2.246496938995747428e+00
1.000000000000000000e+00,1.996496938995747206e+00
1.000000000000000000e+00,9.044984694978736028e-01
1.000000000000000000e+00,8.419984694978736028e-01
1.000000000000000000e+00,8.419984694978736028e-01
1.000000000000000000e+00,2.121496938995747428e+00
1.000000000000000000e+00,9.044984694978736028e-01
1.000000000000000000e+00,6.544984694978736028e-01
1.000000000000000000e+00,2.027163095495038370e+00
1.000000000000000000e+00,6.851646259971647668e-01
1.000000000000000000e+00,6.851646259971647668e-01
1.000000000000000000e+00,1.683996938995747206e+00
1.000000000000000000e+00,6.226646259971647668e-01
1.000000000000000000e+00,5.294984694978736028e-01
1.000000000000000000e+00,4.976646259971647668e-01
1.000000000000000000e+00,3.419984694978736028e-01
1.000000000000000000e+00,3.419984694978736028e-01
1.000000000000000000e+00,1.840830782496455820e+00
1.000000000000000000e+00,2.488323129985823834e-01
1.000000000000000000e+00,1.778330782496455820e+00
1.000000000000000000e+00,1.747664625997164656e+00
1.000000000000000000e+00,3.066615649929119169e-02
1.000000000000000000e+00,1.091998469497873714e+00
1.000000000000000000e+00,9.044984694978736028e-01
1.000000000000000000e+00,2.246496938995747428e+00
1.000000000000000000e+00,8.113323129985823279e-01
1.000000000000000000e+00,8.113323129985823279e-01
1.000000000000000000e+00,9.669984694978736028e-01
1.000000000000000000e+00,9.669984694978736028e-01
1.000000000000000000e+00,9.044984694978736028e-01
1.000000000000000000e+00,7.169984694978736028e-01
1.000000000000000000e+00,8.419984694978736028e-01
1.000000000000000000e+00,8.419984694978736028e-01
1.000000000000000000e+00,5.919984694978736028e-01
1.000000000000000000e+00,7.169984694978736028e-01
1.000000000000000000e+00,6.226646259971647668e-01
1.000000000000000000e+00,1.714663095495038370e+00
1.000000000000000000e+00,5.294984694978736028e-01
1.000000000000000000e+00,4.044984694978736028e-01
1.000000000000000000e+00,4.044984694978736028e-01
1.000000000000000000e+00,3.419984694978736028e-01
1.000000000000000000e+00,4.044984694978736028e-01
1.000000000000000000e+00,1.683996938995747206e+00
1.000000000000000000e+00,3.113323129985823834e-01
1.000000000000000000e+00,1.863323129985823834e-01
1.000000000000000000e+00,1.590830782496455820e+00
1.000000000000000000e+00,8.738323129985823279e-01
1.000000000000000000e+00,9.316615649929119169e-02
1.000000000000000000e+00,8.113323129985823279e-01
1.000000000000000000e+00,8.113323129985823279e-01
1.000000000000000000e+00,9.044984694978736028e-01
1.000000000000000000e+00,7.488323129985823279e-01
1.000000000000000000e+00,6.863323129985823279e-01
1.000000000000000000e+00,9.669984694978736028e-01
1.000000000000000000e+00,9.044984694978736028e-01
1.000000000000000000e+00,9.044984694978736028e-01
1.000000000000000000e+00,8.419984694978736028e-01
1.000000000000000000e+00,7.794984694978736028e-01
1.000000000000000000e+00,1.777163095495038370e+00
1.000000000000000000e+00,5.919984694978736028e-01
1.000000000000000000e+00,6.851646259971647668e-01
1.000000000000000000e+00,1.621496938995747206e+00
1.000000000000000000e+00,4.669984694978736028e-01
1.000000000000000000e+00,4.044984694978736028e-01
1.000000000000000000e+00,1.621496938995747206e+00
1.000000000000000000e+00,3.419984694978736028e-01
1.000000000000000000e+00,2.488323129985823834e-01
1.000000000000000000e+00,1.238323129985823834e-01
1.000000000000000000e+00,3.066615649929119169e-02
1.000000000000000000e+00,1.715830782496455820e+00
1.000000000000000000e+00,1.465830782496455820e+00
1.000000000000000000e+00,9.669984694978736028e-01
1.000000000000000000e+00,1.556661564992911917e-01
1.000000000000000000e+00,8.738323129985823279e-01
1.000000000000000000e+00,6.863323129985823279e-01
1.000000000000000000e+00,7.488323129985823279e-01
1.000000000000000000e+00,7.488323129985823279e-01
1.000000000000000000e+00,9.044984694978736028e-01
1.000000000000000000e+00,8.419984694978736028e-01
1.000000000000000000e+00,8.419984694978736028e-01
1.000000000000000000e+00,1.996496938995747206e+00
1.000000000000000000e+00,6.544984694978736028e-01
1.000000000000000000e+00,7.794984694978736028e-01
1.000000000000000000e+00,5.294984694978736028e-01
1.000000000000000000e+00,4.669984694978736028e-01
1.000000000000000000e+00,5.294984694978736028e-01
1.000000000000000000e+00,6.544984694978736028e-01
1.000000000000000000e+00,4.669984694978736028e-01
1.000000000000000000e+00,3.419984694978736028e-01
1.000000000000000000e+00,2.488323129985823834e-01
1.000000000000000000e+00,4.044984694978736028e-01
1.000000000000000000e+00,2.794984694978736028e-01
1.000000000000000000e+00,1.528330782496455820e+00
1.000000000000000000e+00,1.465830782496455820e+00
1.000000000000000000e+00,1.863323129985823834e-01
1.000000000000000000e+00,9.316615649929119169e-02
1.000000000000000000e+00,3.066615649929119169e-02
1.000000000000000000e+00,-9.433384350070880831e-02
1.000000000000000000e+00,9.669984694978736028e-01
1.000000000000000000e+00,8.113323129985823279e-01
1.000000000000000000e+00,2.028330782496455598e+00
1.000000000000000000e+00,6.863323129985823279e-01
1.000000000000000000e+00,6.863323129985823279e-01
1.000000000000000000e+00,6.238323129985823279e-01
1.000000000000000000e+00,1.996496938995747206e+00
1.000000000000000000e+00,6.544984694978736028e-01
1.000000000000000000e+00,5.613323129985823279e-01
1.000000000000000000e+00,7.169984694978736028e-01
1.000000000000000000e+00,7.169984694978736028e-01
1.000000000000000000e+00,6.544984694978736028e-01
1.000000000000000000e+00,5.294984694978736028e-01
1.000000000000000000e+00,1.746496938995747206e+00
1.000000000000000000e+00,3.419984694978736028e-01
1.000000000000000000e+00,1.621496938995747206e+00
1.000000000000000000e+00,2.169984694978736028e-01
1.000000000000000000e+00,2.794984694978736028e-01
1.000000000000000000e+00,1.544984694978736028e-01
1.000000000000000000e+00,1.863323129985823834e-01
1.000000000000000000e+00,1.238323129985823834e-01
1.000000000000000000e+00,1.403330782496455820e+00
1.000000000000000000e+00,1.435164625997164656e+00
1.000000000000000000e+00,-9.433384350070880831e-02
1.000000000000000000e+00,1.278330782496455820e+00
1.000000000000000000e+00,1.965830782496455820e+00
1.000000000000000000e+00,1.965830782496455820e+00
1.000000000000000000e+00,6.238323129985823279e-01
1.000000000000000000e+00,6.238323129985823279e-01
1.000000000000000000e+00,6.238323129985823279e-01
1.000000000000000000e+00,6.863323129985823279e-01
1.000000000000000000e+00,5.613323129985823279e-01
1.000000000000000000e+00,7.169984694978736028e-01
1.000000000000000000e+00,4.988323129985823834e-01
1.000000000000000000e+00,4.988323129985823834e-01
1.000000000000000000e+00,5.294984694978736028e-01
1.000000000000000000e+00,5.919984694978736028e-01
1.000000000000000000e+00,4.669984694978736028e-01
1.000000000000000000e+00,4.044984694978736028e-01
1.000000000000000000e+00,4.669984694978736028e-01
1.000000000000000000e+00,1.558996938995747206e+00
1.000000000000000000e+00,1.433996938995747206e+00
1.000000000000000000e+00,9.199846949787360284e-02
1.000000000000000000e+00,6.133231299858238339e-02
1.000000000000000000e+00,-1.167687001417616610e-03
1.000000000000000000e+00,1.590830782496455820e+00
1.000000000000000000e+00,1.372664625997164656e+00
1.000000000000000000e+00,1.403330782496455820e+00
1.000000000000000000e+00,-4.681661564992911639e-01
1.000000000000000000e+00,3.066615649929119169e-02
1.000000000000000000e+00,1.903330782496455820e+00
1.000000000000000000e+00,-5.306661564992911639e-01
1.000000000000000000e+00,-5.306661564992911639e-01
1.000000000000000000e+00,6.238323129985823279e-01
1.000000000000000000e+00,-5.931661564992911639e-01
1.000000000000000000e+00,-5.931661564992911639e-01
1.000000000000000000e+00,4.988323129985823834e-01
1.000000000000000000e+00,4.988323129985823834e-01
1.000000000000000000e+00,5.919984694978736028e-01
1.000000000000000000e+00,5.919984694978736028e-01
1.000000000000000000e+00,5.919984694978736028e-01
1.000000000000000000e+00,3.738323129985823834e-01
1.000000000000000000e+00,1.683996938995747206e+00
1.000000000000000000e+00,4.669984694978736028e-01
1.000000000000000000e+00,3.419984694978736028e-01
1.000000000000000000e+00,2.794984694978736028e-01
1.000000000000000000e+00,1.238323129985823834e-01
1.000000000000000000e+00,6.133231299858238339e-02
1.000000000000000000e+00,1.558996938995747206e+00
1.000000000000000000e+00,1.435164625997164656e+00
1.000000000000000000e+00,1.403330782496455820e+00
1.000000000000000000e+00,-3.183384350070880831e-02
1.000000000000000000e+00,9.316615649929119169e-02
1.000000000000000000e+00,-9.433384350070880831e-02
1.000000000000000000e+00,-1.250000000000000000e-01
1.000000000000000000e+00,1.965830782496455820e+00
1.000000000000000000e+00,6.238323129985823279e-01
1.000000000000000000e+00,7.488323129985823279e-01
1.000000000000000000e+00,5.613323129985823279e-01
1.000000000000000000e+00,5.613323129985823279e-01
1.000000000000000000e+00,4.988323129985823834e-01
1.000000000000000000e+00,-7.181661564992911639e-01
1.000000000000000000e+00,1.871496938995747206e+00
1.000000000000000000e+00,3.738323129985823834e-01
1.000000000000000000e+00,5.919984694978736028e-01
1.000000000000000000e+00,3.113323129985823834e-01
1.000000000000000000e+00,3.113323129985823834e-01
1.000000000000000000e+00,2.488323129985823834e-01
1.000000000000000000e+00,4.669984694978736028e-01
1.000000000000000000e+00,2.169984694978736028e-01
1.000000000000000000e+00,2.488323129985823834e-01
1.000000000000000000e+00,1.558996938995747206e+00
1.000000000000000000e+00,1.496496938995747206e+00
1.000000000000000000e+00,-6.366768700141761661e-02
1.000000000000000000e+00,-1.261676870014176166e-01
1.000000000000000000e+00,1.372664625997164656e+00
1.000000000000000000e+00,6.863323129985823279e-01
1.000000000000000000e+00,1.310164625997164656e+00
1.000000000000000000e+00,9.658307824964558197e-01
1.000000000000000000e+00,-2.500000000000000000e-01
1.000000000000000000e+00,1.840830782496455820e+00
1.000000000000000000e+00,1.903330782496455820e+00
1.000000000000000000e+00,6.238323129985823279e-01
1.000000000000000000e+00,6.238323129985823279e-01
1.000000000000000000e+00,6.863323129985823279e-01
1.000000000000000000e+00,5.613323129985823279e-01
1.000000000000000000e+00,5.613323129985823279e-01
1.000000000000000000e+00,5.613323129985823279e-01
1.000000000000000000e+00,5.919984694978736028e-01
1.000000000000000000e+00,3.113323129985823834e-01
1.000000000000000000e+00,3.113323129985823834e-01
1.000000000000000000e+00,2.488323129985823834e-01
1.000000000000000000e+00,3.419984694978736028e-01
1.000000000000000000e+00,3.419984694978736028e-01
1.000000000000000000e+00,1.238323129985823834e-01
1.000000000000000000e+00,6.133231299858238339e-02
1.000000000000000000e+00,6.133231299858238339e-02
1.000000000000000000e+00,1.558996938995747206e+00
1.000000000000000000e+00,1.308996938995747206e+00
1.000000000000000000e+00,1.403330782496455820e+00
1.000000000000000000e+00,1.340830782496455820e+00
1.000000000000000000e+00,-1.568338435007088083e-01
1.000000000000000000e+00,-3.183384350070880831e-02
1.000000000000000000e+00,5.931661564992911639e-01
1.000000000000000000e+00,6.863323129985823279e-01
1.000000000000000000e+00,1.840830782496455820e+00
1.000000000000000000e+00,6.238323129985823279e-01
1.000000000000000000e+00,5.613323129985823279e-01
1.000000000000000000e+00,6.238323129985823279e-01
1.000000000000000000e+00,4.363323129985823834e-01
1.000000000000000000e+00,4.363323129985823834e-01
1.000000000000000000e+00,3.738323129985823834e-01
1.000000000000000000e+00,3.738323129985823834e-01
1.000000000000000000e+00,1.808996938995747206e+00
1.000000000000000000e+00,3.113323129985823834e-01
1.000000000000000000e+00,2.488323129985823834e-01
1.000000000000000000e+00,1.863323129985823834e-01
1.000000000000000000e+00,1.683996938995747206e+00
1.000000000000000000e+00,1.238323129985823834e-01
1.000000000000000000e+00,6.133231299858238339e-02
1.000000000000000000e+00,6.133231299858238339e-02
1.000000000000000000e+00,-1.167687001417616610e-03
1.000000000000000000e+00,-1.167687001417616610e-03
1.000000000000000000e+00,-9.433384350070880831e-02
1.000000000000000000e+00,1.372664625997164656e+00
1.000000000000000000e+00,1.247664625997164656e+00
1.000000000000000000e+00,1.247664625997164656e+00
1.000000000000000000e+00,-2.193338435007088083e-01
1.000000000000000000e+00,-9.433384350070880831e-02
1.000000000000000000e+00,-3.125000000000000000e-01
1.000000000000000000e+00,6.238323129985823279e-01
1.000000000000000000e+00,6.238323129985823279e-01
1.000000000000000000e+00,1.778330782496455820e+00
1.000000000000000000e+00,4.681661564992911639e-01
1.000000000000000000e+00,5.613323129985823279e-01
1.000000000000000000e+00,3.738323129985823834e-01
1.000000000000000000e+00,3.738323129985823834e-01
1.000000000000000000e+00,3.738323129985823834e-01
1.000000000000000000e+00,3.113323129985823834e-01
1.000000000000000000e+00,2.488323129985823834e-01
1.000000000000000000e+00,1.683996938995747206e+00
1.000000000000000000e+00,1.863323129985823834e-01
1.000000000000000000e+00,1.621496938995747206e+00
1.000000000000000000e+00,6.133231299858238339e-02
1.000000000000000000e+00,1.238323129985823834e-01
1.000000000000000000e+00,-1.167687001417616610e-03
1.000000000000000000e+00,-1.167687001417616610e-03
1.000000000000000000e+00,1.238323129985823834e-01
1.000000000000000000e+00,1.403330782496455820e+00
1.000000000000000000e+00,-9.433384350070880831e-02
1.000000000000000000e+00,1.247664625997164656e+00
1.000000000000000000e+00,-2.193338435007088083e-01
1.000000000000000000e+00,6.863323129985823279e-01
1.000000000000000000e+00,-6.556661564992911639e-01
1.000000000000000000e+00,1.090830782496455820e+00
1.000000000000000000e+00,6.238323129985823279e-01
1.000000000000000000e+00,5.613323129985823279e-01
1.000000000000000000e+00,5.613323129985823279e-01
1.000000000000000000e+00,5.613323129985823279e-01
1.000000000000000000e+00,4.988323129985823834e-01
1.000000000000000000e+00,3.113323129985823834e-01
1.000000000000000000e+00,3.113323129985823834e-01
1.000000000000000000e+00,3.113323129985823834e-01
1.000000000000000000e+00,4.044984694978736028e-01
1.000000000000000000e+00,3.113323129985823834e-01
1.000000000000000000e+00,1.863323129985823834e-01
1.000000000000000000e+00,1.238323129985823834e-01
1.000000000000000000e+00,-9.681661564992911639e-01
1.000000000000000000e+00,-1.030666156499291164e+00
1.000000000000000000e+00,-1.167687001417616610e-03
1.000000000000000000e+00,-1.167687001417616610e-03
1.000000000000000000e+00,6.133231299858238339e-02
1.000000000000000000e+00,-6.366768700141761661e-02
1.000000000000000000e+00,-6.366768700141761661e-02
1.000000000000000000e+00,1.247664625997164656e+00
1.000000000000000000e+00,1.310164625997164656e+00
1.000000000000000000e+00,1.122664625997164656e+00
1.000000000000000000e+00,1.279498469497873714e+00
1.000000000000000000e+00,5.306661564992911639e-01
1.000000000000000000e+00,5.613323129985823279e-01
1.000000000000000000e+00,1.683996938995747206e+00
1.000000000000000000e+00,1.715830782496455820e+00
1.000000000000000000e+00,-7.181661564992911639e-01
1.000000000000000000e+00,4.056661564992911639e-01
1.000000000000000000e+00,3.431661564992911639e-01
1.000000000000000000e+00,1.840830782496455820e+00
1.000000000000000000e+00,4.056661564992911639e-01
1.000000000000000000e+00,1.863323129985823834e-01
1.000000000000000000e+00,1.863323129985823834e-01
1.000000000000000000e+00,2.488323129985823834e-01
1.000000000000000000e+00,1.371496938995747206e+00
1.000000000000000000e+00,2.488323129985823834e-01
1.000000000000000000e+00,6.133231299858238339e-02
1.000000000000000000e+00,6.133231299858238339e-02
1.000000000000000000e+00,1.496496938995747206e+00
1.000000000000000000e+00,1.238323129985823834e-01
1.000000000000000000e+00,-1.261676870014176166e-01
1.000000000000000000e+00,-6.366768700141761661e-02
1.000000000000000000e+00,-1.568338435007088083e-01
1.000000000000000000e+00,-2.193338435007088083e-01
1.000000000000000000e+00,1.340830782496455820e+00
1.000000000000000000e+00,-3.443338435007088361e-01
1.000000000000000000e+00,1.279498469497873714e+00
1.000000000000000000e+00,4.681661564992911639e-01
1.000000000000000000e+00,-4.375000000000000000e-01
1.000000000000000000e+00,1.653330782496455820e+00
1.000000000000000000e+00,4.988323129985823834e-01
1.000000000000000000e+00,4.988323129985823834e-01
1.000000000000000000e+00,3.431661564992911639e-01
1.000000000000000000e+00,3.431661564992911639e-01
1.000000000000000000e+00,3.431661564992911639e-01
1.000000000000000000e+00,2.806661564992911639e-01
1.000000000000000000e+00,1.590830782496455820e+00
1.000000000000000000e+00,3.738323129985823834e-01
1.000000000000000000e+00,3.113323129985823834e-01
1.000000000000000000e+00,1.863323129985823834e-01
1.000000000000000000e+00,3.419984694978736028e-01
1.000000000000000000e+00,1.863323129985823834e-01
1.000000000000000000e+00,1.183996938995747206e+00
1.000000000000000000e+00,-1.167687001417616610e-03
1.000000000000000000e+00,1.371496938995747206e+00
1.000000000000000000e+00,-1.167687001417616610e-03
1.000000000000000000e+00,-9.433384350070880831e-02
1.000000000000000000e+00,-1.568338435007088083e-01
1.000000000000000000e+00,1.185164625997164656e+00
1.000000000000000000e+00,1.122664625997164656e+00
1.000000000000000000e+00,1.372664625997164656e+00
1.000000000000000000e+00,4.056661564992911639e-01
1.000000000000000000e+00,-3.125000000000000000e-01
1.000000000000000000e+00,9.033307824964558197e-01
1.000000000000000000e+00,1.810164625997164656e+00
1.000000000000000000e+00,3.431661564992911639e-01
1.000000000000000000e+00,3.431661564992911639e-01
1.000000000000000000e+00,3.431661564992911639e-01
1.000000000000000000e+00,2.806661564992911639e-01
1.000000000000000000e+00,2.806661564992911639e-01
1.000000000000000000e+00,2.806661564992911639e-01
1.000000000000000000e+00,3.113323129985823834e-01
1.000000000000000000e+00,2.488323129985823834e-01
1.000000000000000000e+00,2.488323129985823834e-01
1.000000000000000000e+00,6.133231299858238339e-02
1.000000000000000000e+00,1.238323129985823834e-01
1.000000000000000000e+00,-1.167687001417616610e-03
1.000000000000000000e+00,1.238323129985823834e-01
1.000000000000000000e+00,-1.167687001417616610e-03
1.000000000000000000e+00,-1.167687001417616610e-03
1.000000000000000000e+00,-1.167687001417616610e-03
1.000000000000000000e+00,-1.886676870014176166e-01
1.000000000000000000e+00,-2.511676870014176166e-01
1.000000000000000000e+00,1.340830782496455820e+00
1.000000000000000000e+00,-2.818338435007088361e-01
1.000000000000000000e+00,-2.193338435007088083e-01
1.000000000000000000e+00,1.154498469497873714e+00
1.000000000000000000e+00,-3.750000000000000000e-01
1.000000000000000000e+00,-5.625000000000000000e-01
1.000000000000000000e+00,1.778330782496455820e+00
1.000000000000000000e+00,3.431661564992911639e-01
1.000000000000000000e+00,2.806661564992911639e-01
1.000000000000000000e+00,2.806661564992911639e-01
1.000000000000000000e+00,2.806661564992911639e-01
1.000000000000000000e+00,2.806661564992911639e-01
1.000000000000000000e+00,2.181661564992911917e-01
1.000000000000000000e+00,1.556661564992911917e-01
1.000000000000000000e+00,1.528330782496455820e+00
1.000000000000000000e+00,1.556661564992911917e-01
1.000000000000000000e+00,1.863323129985823834e-01
1.000000000000000000e+00,1.238323129985823834e-01
1.000000000000000000e+00,-6.366768700141761661e-02
1.000000000000000000e+00,1.433996938995747206e+00
