2.500000000000000000e-01,1.659252680319092832e+01
2.500000000000000000e-01,8.663495408493620431e+00
2.500000000000000000e-01,-5.812388980384689319e+00
2.500000000000000000e-01,3.503564319896739221e+00
2.500000000000000000e-01,6.035643198967394207e-01
2.500000000000000000e-01,1.349310885968811879e-01
2.500000000000000000e-01,-2.733537400283525542e-02
2.500000000000000000e-01,-2.337021427029770670e-01
2.500000000000000000e-01,-2.959686053026934216e-01
2.500000000000000000e-01,-1.209686053026934882e-01
2.500000000000000000e-01,-6.460183660255180982e-02
2.500000000000000000e-01,-6.460183660255180982e-02
2.500000000000000000e-01,-1.082350679024099982e-01
2.500000000000000000e-01,2.540313946973065118e-01
2.500000000000000000e-01,-3.582350679024099982e-01
2.500000000000000000e-01,1.290313946973065118e-01
2.500000000000000000e-01,-3.018682992022682088e-01
2.500000000000000000e-01,-7.686829920226823099e-02
2.500000000000000000e-01,-1.018682992022682532e-01
2.500000000000000000e-01,-7.050153050212659700e-02
2.500000000000000000e-01,-4.550153050212657480e-02
2.500000000000000000e-01,-7.050153050212659700e-02
2.500000000000000000e-01,2.981317007977317690e-01
2.500000000000000000e-01,-3.641347618019847854e-01
2.500000000000000000e-01,-1.391347618019846966e-01
2.500000000000000000e-01,3.044984694978734585e-01
2.500000000000000000e-01,1.044984694978734474e-01
2.500000000000000000e-01,-4.550153050212657480e-02
2.500000000000000000e-01,-5.077679931018428405e-01
2.500000000000000000e-01,-1.327679931018429516e-01
2.500000000000000000e-01,-7.640122440170116214e-02
2.500000000000000000e-01,-5.140122440170113993e-02
2.500000000000000000e-01,3.108652381980152590e-01
2.500000000000000000e-01,4.223200689815709286e-02
2.500000000000000000e-01,-3.950344557015593727e-01
2.500000000000000000e-01,2.672320068981570707e-01
2.500000000000000000e-01,-3.886676870014176832e-01
2.500000000000000000e-01,3.235987755982989156e-01
2.500000000000000000e-01,-3.886676870014176832e-01
2.500000000000000000e-01,2.549655442984406495e-01
2.500000000000000000e-01,-3.886676870014176832e-01
2.500000000000000000e-01,3.799655442984406495e-01
2.500000000000000000e-01,-4.759341496011341710e-01
1.000000000000000000e+00,8.849540849362069750e-02
1.000000000000000000e+00,-1.921707480056704664e-01
1.000000000000000000e+00,2.453292519943295336e-01
1.000000000000000000e+00,2.453292519943295336e-01
1.000000000000000000e+00,5.782925199432953356e-02
1.000000000000000000e+00,-2.228369045049616304e-01
1.000000000000000000e+00,-4.103369045049616304e-01
1.000000000000000000e+00,2.134954084936206975e-01
1.000000000000000000e+00,-6.910030610042527943e-01
1.000000000000000000e+00,-1.096669217503544180e+00
1.000000000000000000e+00,-4.115045915063793025e-01
1.000000000000000000e+00,-1.346669217503544180e+00
1.000000000000000000e+00,-2.853369045049616304e-01
1.000000000000000000e+00,-1.752335374002835344e+00
1.000000000000000000e+00,-2.002335374002835344e+00
1.000000000000000000e+00,-2.189835374002835344e+00
1.000000000000000000e+00,-2.626167687001417672e+00
1.000000000000000000e+00,-2.845501530502126286e+00
1.000000000000000000e+00,-1.628503061004252794e+00
1.000000000000000000e+00,-1.534169217503544180e+00
1.000000000000000000e+00,-3.375000000000000000e+00
1.000000000000000000e+00,-3.062500000000000000e+00
1.000000000000000000e+00,-3.000000000000000000e+00
1.000000000000000000e+00,-1.095501530502126286e+00
1.000000000000000000e+00,-3.186332312998582328e+00
1.000000000000000000e+00,-2.936332312998582328e+00
1.000000000000000000e+00,-1.126167687001417672e+00
1.000000000000000000e+00,-3.216998469497873714e+00
1.000000000000000000e+00,-1.873832312998582328e+00
1.000000000000000000e+00,-1.936332312998582328e+00
1.000000000000000000e+00,-1.998832312998582328e+00
1.000000000000000000e+00,-3.136676870014176166e-01
1.000000000000000000e+00,-2.123832312998582328e+00
1.000000000000000000e+00,-2.404498469497873714e+00
1.000000000000000000e+00,-6.568338435007088361e-01
1.000000000000000000e+00,-2.529498469497873714e+00
1.000000000000000000e+00,-2.716998469497873714e+00
1.000000000000000000e+00,-2.935164625997164656e+00
1.000000000000000000e+00,-2.872664625997164656e+00
1.000000000000000000e+00,-2.716998469497873714e+00
1.000000000000000000e+00,-2.841998469497873714e+00
1.000000000000000000e+00,-3.060164625997164656e+00
1.000000000000000000e+00,-2.872664625997164656e+00
1.000000000000000000e+00,-2.810164625997164656e+00
1.000000000000000000e+00,-8.761676870014176721e-01
1.000000000000000000e+00,-2.872664625997164656e+00
1.000000000000000000e+00,-2.935164625997164656e+00
1.000000000000000000e+00,-2.778330782496455598e+00
1.000000000000000000e+00,-2.840830782496455598e+00
1.000000000000000000e+00,-2.778330782496455598e+00
1.000000000000000000e+00,-7.500000000000000000e-01
1.000000000000000000e+00,-6.250000000000000000e-01
1.000000000000000000e+00,-2.933996938995747428e+00
1.000000000000000000e+00,-3.058996938995747428e+00
1.000000000000000000e+00,-1.560164625997164656e+00
1.000000000000000000e+00,-5.000000000000000000e-01
1.000000000000000000e+00,3.750000000000000000e-01
1.000000000000000000e+00,2.500000000000000000e-01
1.000000000000000000e+00,3.431661564992911639e-01
1.000000000000000000e+00,-1.747664625997164656e+00
1.000000000000000000e+00,-1.497664625997164656e+00
1.000000000000000000e+00,-1.622664625997164656e+00
1.000000000000000000e+00,-1.685164625997164656e+00
1.000000000000000000e+00,-1.685164625997164656e+00
1.000000000000000000e+00,-1.685164625997164656e+00
1.000000000000000000e+00,-1.591998469497873714e+00
1.000000000000000000e+00,-1.436332312998582328e+00
1.000000000000000000e+00,-1.716998469497873714e+00
1.000000000000000000e+00,-1.841998469497873714e+00
1.000000000000000000e+00,-1.623832312998582328e+00
1.000000000000000000e+00,-1.904498469497873714e+00
1.000000000000000000e+00,-1.716998469497873714e+00
1.000000000000000000e+00,-1.841998469497873714e+00
1.000000000000000000e+00,9.316615649929119169e-02
1.000000000000000000e+00,-7.806661564992911639e-01
1.000000000000000000e+00,1.250000000000000000e-01
1.000000000000000000e+00,1.250000000000000000e-01
1.000000000000000000e+00,-1.872664625997164656e+00
1.000000000000000000e+00,-9.044984694978736028e-01
1.000000000000000000e+00,-1.091998469497873714e+00
1.000000000000000000e+00,-2.818338435007088361e-01
1.000000000000000000e+00,-1.091998469497873714e+00
1.000000000000000000e+00,-1.091998469497873714e+00
1.000000000000000000e+00,-1.091998469497873714e+00
1.000000000000000000e+00,-9.669984694978736028e-01
1.000000000000000000e+00,-2.058996938995747428e+00
1.000000000000000000e+00,-9.363323129985823279e-01
1.000000000000000000e+00,-1.029498469497873714e+00
1.000000000000000000e+00,-7.806661564992911639e-01
1.000000000000000000e+00,-9.681661564992911639e-01
1.000000000000000000e+00,-1.061332312998582328e+00
1.000000000000000000e+00,-1.186332312998582328e+00
1.000000000000000000e+00,-1.030666156499291164e+00
1.000000000000000000e+00,-1.186332312998582328e+00
1.000000000000000000e+00,-1.248832312998582328e+00
1.000000000000000000e+00,-1.248832312998582328e+00
1.000000000000000000e+00,-1.311332312998582328e+00
1.000000000000000000e+00,-1.373832312998582328e+00
1.000000000000000000e+00,-1.311332312998582328e+00
1.000000000000000000e+00,-1.311332312998582328e+00
1.000000000000000000e+00,-1.311332312998582328e+00
1.000000000000000000e+00,-1.404498469497873714e+00
1.000000000000000000e+00,-1.404498469497873714e+00
1.000000000000000000e+00,-1.404498469497873714e+00
1.000000000000000000e+00,-1.466998469497873714e+00
1.000000000000000000e+00,-4.363323129985823834e-01
1.000000000000000000e+00,-3.431661564992911639e-01
1.000000000000000000e+00,-3.431661564992911639e-01
1.000000000000000000e+00,-4.681661564992911639e-01
1.000000000000000000e+00,-4.056661564992911639e-01
1.000000000000000000e+00,-4.056661564992911639e-01
1.000000000000000000e+00,-4.681661564992911639e-01
1.000000000000000000e+00,-4.681661564992911639e-01
1.000000000000000000e+00,-4.681661564992911639e-01
1.000000000000000000e+00,-4.681661564992911639e-01
1.000000000000000000e+00,-5.306661564992911639e-01
1.000000000000000000e+00,-5.306661564992911639e-01
1.000000000000000000e+00,9.669984694978736028e-01
1.000000000000000000e+00,-5.000000000000000000e-01
1.000000000000000000e+00,-5.625000000000000000e-01
1.000000000000000000e+00,-7.181661564992911639e-01
1.000000000000000000e+00,-5.625000000000000000e-01
1.000000000000000000e+00,-6.250000000000000000e-01
1.000000000000000000e+00,-7.181661564992911639e-01
1.000000000000000000e+00,9.044984694978736028e-01
1.000000000000000000e+00,-8.431661564992911639e-01
1.000000000000000000e+00,-6.556661564992911639e-01
1.000000000000000000e+00,8.738323129985823279e-01
1.000000000000000000e+00,-8.738323129985823279e-01
1.000000000000000000e+00,7.794984694978736028e-01
1.000000000000000000e+00,1.529498469497873714e+00
1.000000000000000000e+00,1.529498469497873714e+00
1.000000000000000000e+00,1.250000000000000000e-01
1.000000000000000000e+00,6.250000000000000000e-02
1.000000000000000000e+00,1.250000000000000000e-01
1.000000000000000000e+00,1.250000000000000000e-01
1.000000000000000000e+00,6.250000000000000000e-02
1.000000000000000000e+00,9.316615649929119169e-02
1.000000000000000000e+00,1.435164625997164656e+00
1.000000000000000000e+00,1.372664625997164656e+00
1.000000000000000000e+00,0.000000000000000000e+00
1.000000000000000000e+00,-3.183384350070880831e-02
1.000000000000000000e+00,-3.183384350070880831e-02
1.000000000000000000e+00,-9.433384350070880831e-02
1.000000000000000000e+00,-3.183384350070880831e-02
1.000000000000000000e+00,1.247664625997164656e+00
1.000000000000000000e+00,-3.183384350070880831e-02
1.000000000000000000e+00,1.247664625997164656e+00
1.000000000000000000e+00,1.556661564992911917e-01
1.000000000000000000e+00,1.279498469497873714e+00
1.000000000000000000e+00,1.279498469497873714e+00
1.000000000000000000e+00,-1.875000000000000000e-01
1.000000000000000000e+00,-1.875000000000000000e-01
1.000000000000000000e+00,1.185164625997164656e+00
1.000000000000000000e+00,-4.056661564992911639e-01
1.000000000000000000e+00,1.872664625997164656e+00
1.000000000000000000e+00,1.935164625997164656e+00
1.000000000000000000e+00,6.556661564992911639e-01
1.000000000000000000e+00,5.931661564992911639e-01
1.000000000000000000e+00,5.306661564992911639e-01
1.000000000000000000e+00,5.306661564992911639e-01
1.000000000000000000e+00,6.238323129985823279e-01
1.000000000000000000e+00,6.863323129985823279e-01
1.000000000000000000e+00,6.863323129985823279e-01
1.000000000000000000e+00,4.363323129985823834e-01
1.000000000000000000e+00,4.363323129985823834e-01
1.000000000000000000e+00,4.363323129985823834e-01
1.000000000000000000e+00,1.871496938995747206e+00
1.000000000000000000e+00,3.738323129985823834e-01
1.000000000000000000e+00,3.738323129985823834e-01
1.000000000000000000e+00,3.738323129985823834e-01
1.000000000000000000e+00,3.113323129985823834e-01
1.000000000000000000e+00,1.808996938995747206e+00
1.000000000000000000e+00,1.778330782496455820e+00
1.000000000000000000e+00,1.840830782496455820e+00
1.000000000000000000e+00,-1.061332312998582328e+00
1.000000000000000000e+00,-1.061332312998582328e+00
1.000000000000000000e+00,2.181661564992911917e-01
1.000000000000000000e+00,-9.363323129985823279e-01
1.000000000000000000e+00,1.061332312998582328e+00
1.000000000000000000e+00,1.186332312998582328e+00
1.000000000000000000e+00,2.278330782496455598e+00
1.000000000000000000e+00,1.279498469497873714e+00
1.000000000000000000e+00,1.216998469497873714e+00
1.000000000000000000e+00,1.216998469497873714e+00
1.000000000000000000e+00,1.154498469497873714e+00
1.000000000000000000e+00,9.988323129985823279e-01
1.000000000000000000e+00,1.216998469497873714e+00
1.000000000000000000e+00,-1.250000000000000000e-01
1.000000000000000000e+00,2.027163095495038370e+00
1.000000000000000000e+00,1.091998469497873714e+00
1.000000000000000000e+00,1.029498469497873714e+00
1.000000000000000000e+00,1.122664625997164656e+00
1.000000000000000000e+00,9.976646259971647668e-01
1.000000000000000000e+00,2.152163095495038370e+00
1.000000000000000000e+00,9.976646259971647668e-01
1.000000000000000000e+00,9.976646259971647668e-01
1.000000000000000000e+00,9.351646259971647668e-01
1.000000000000000000e+00,2.153330782496455598e+00
1.000000000000000000e+00,2.183996938995747428e+00
1.000000000000000000e+00,2.090830782496455598e+00
1.000000000000000000e+00,2.183996938995747428e+00
1.000000000000000000e+00,7.488323129985823279e-01
1.000000000000000000e+00,7.488323129985823279e-01
1.000000000000000000e+00,1.529498469497873714e+00
1.000000000000000000e+00,1.591998469497873714e+00
1.000000000000000000e+00,1.529498469497873714e+00
1.000000000000000000e+00,2.621496938995747428e+00
1.000000000000000000e+00,1.747664625997164656e+00
1.000000000000000000e+00,1.685164625997164656e+00
1.000000000000000000e+00,1.250000000000000000e-01
1.000000000000000000e+00,1.685164625997164656e+00
1.000000000000000000e+00,1.715830782496455820e+00
1.000000000000000000e+00,1.715830782496455820e+00
1.000000000000000000e+00,1.560164625997164656e+00
1.000000000000000000e+00,1.560164625997164656e+00
1.000000000000000000e+00,1.528330782496455820e+00
1.000000000000000000e+00,1.528330782496455820e+00
1.000000000000000000e+00,1.528330782496455820e+00
1.000000000000000000e+00,1.465830782496455820e+00
1.000000000000000000e+00,3.066615649929119169e-02
1.000000000000000000e+00,1.403330782496455820e+00
1.000000000000000000e+00,2.402163095495038370e+00
1.000000000000000000e+00,2.464663095495038370e+00
1.000000000000000000e+00,2.527163095495038370e+00
1.000000000000000000e+00,1.247664625997164656e+00
1.000000000000000000e+00,1.310164625997164656e+00
1.000000000000000000e+00,1.435164625997164656e+00
1.000000000000000000e+00,1.872664625997164656e+00
1.000000000000000000e+00,2.060164625997164656e+00
1.000000000000000000e+00,1.466998469497873714e+00
1.000000000000000000e+00,5.306661564992911639e-01
1.000000000000000000e+00,2.060164625997164656e+00
1.000000000000000000e+00,3.214663095495038370e+00
1.000000000000000000e+00,1.715830782496455820e+00
1.000000000000000000e+00,1.653330782496455820e+00
1.000000000000000000e+00,2.682829251994329312e+00
1.000000000000000000e+00,1.653330782496455820e+00
1.000000000000000000e+00,2.557829251994329312e+00
1.000000000000000000e+00,1.465830782496455820e+00
1.000000000000000000e+00,2.495329251994329312e+00
1.000000000000000000e+00,1.403330782496455820e+00
1.000000000000000000e+00,2.370329251994329312e+00
1.000000000000000000e+00,1.340830782496455820e+00
1.000000000000000000e+00,1.340830782496455820e+00
1.000000000000000000e+00,1.278330782496455820e+00
1.000000000000000000e+00,2.432829251994329312e+00
1.000000000000000000e+00,1.153330782496455820e+00
1.000000000000000000e+00,2.214663095495038370e+00
1.000000000000000000e+00,2.339663095495038370e+00
1.000000000000000000e+00,9.669984694978736028e-01
1.000000000000000000e+00,2.277163095495038370e+00
1.000000000000000000e+00,1.060164625997164656e+00
1.000000000000000000e+00,9.976646259971647668e-01
1.000000000000000000e+00,1.560164625997164656e+00
1.000000000000000000e+00,1.560164625997164656e+00
1.000000000000000000e+00,2.714663095495038370e+00
1.000000000000000000e+00,1.497664625997164656e+00
1.000000000000000000e+00,1.497664625997164656e+00
1.000000000000000000e+00,1.590830782496455820e+00
1.000000000000000000e+00,1.560164625997164656e+00
1.000000000000000000e+00,1.528330782496455820e+00
1.000000000000000000e+00,1.465830782496455820e+00
1.000000000000000000e+00,2.495329251994329312e+00
1.000000000000000000e+00,-9.433384350070880831e-02
1.000000000000000000e+00,1.340830782496455820e+00
1.000000000000000000e+00,1.340830782496455820e+00
1.000000000000000000e+00,2.307829251994329312e+00
1.000000000000000000e+00,2.307829251994329312e+00
1.000000000000000000e+00,1.153330782496455820e+00
1.000000000000000000e+00,2.307829251994329312e+00
1.000000000000000000e+00,-2.818338435007088361e-01
1.000000000000000000e+00,2.245329251994329312e+00
1.000000000000000000e+00,9.044984694978736028e-01
1.000000000000000000e+00,2.058996938995747428e+00
1.000000000000000000e+00,1.497664625997164656e+00
1.000000000000000000e+00,1.996496938995747206e+00
1.000000000000000000e+00,1.996496938995747206e+00
1.000000000000000000e+00,8.419984694978736028e-01
1.000000000000000000e+00,1.560164625997164656e+00
1.000000000000000000e+00,1.372664625997164656e+00
1.000000000000000000e+00,1.372664625997164656e+00
1.000000000000000000e+00,1.435164625997164656e+00
1.000000000000000000e+00,1.372664625997164656e+00
1.000000000000000000e+00,1.372664625997164656e+00
1.000000000000000000e+00,1.372664625997164656e+00
1.000000000000000000e+00,1.310164625997164656e+00
1.000000000000000000e+00,2.495329251994329312e+00
1.000000000000000000e+00,1.247664625997164656e+00
1.000000000000000000e+00,2.370329251994329312e+00
1.000000000000000000e+00,2.275995408493620697e+00
1.000000000000000000e+00,1.215830782496455820e+00
1.000000000000000000e+00,1.090830782496455820e+00
1.000000000000000000e+00,1.153330782496455820e+00
1.000000000000000000e+00,1.090830782496455820e+00
1.000000000000000000e+00,1.028330782496455820e+00
1.000000000000000000e+00,9.033307824964558197e-01
1.000000000000000000e+00,1.964663095495038370e+00
1.000000000000000000e+00,2.089663095495038370e+00
1.000000000000000000e+00,1.933996938995747206e+00
1.000000000000000000e+00,8.419984694978736028e-01
1.000000000000000000e+00,1.871496938995747206e+00
1.000000000000000000e+00,1.808996938995747206e+00
1.000000000000000000e+00,6.238323129985823279e-01
1.000000000000000000e+00,1.497664625997164656e+00
1.000000000000000000e+00,1.310164625997164656e+00
1.000000000000000000e+00,1.372664625997164656e+00
1.000000000000000000e+00,1.404498469497873714e+00
1.000000000000000000e+00,1.435164625997164656e+00
1.000000000000000000e+00,1.185164625997164656e+00
1.000000000000000000e+00,1.372664625997164656e+00
1.000000000000000000e+00,1.185164625997164656e+00
1.000000000000000000e+00,2.432829251994329312e+00
1.000000000000000000e+00,1.215830782496455820e+00
1.000000000000000000e+00,1.215830782496455820e+00
1.000000000000000000e+00,1.060164625997164656e+00
1.000000000000000000e+00,1.153330782496455820e+00
1.000000000000000000e+00,9.658307824964558197e-01
1.000000000000000000e+00,9.658307824964558197e-01
1.000000000000000000e+00,1.060164625997164656e+00
1.000000000000000000e+00,2.027163095495038370e+00
1.000000000000000000e+00,8.726646259971647668e-01
1.000000000000000000e+00,2.027163095495038370e+00
1.000000000000000000e+00,1.964663095495038370e+00
1.000000000000000000e+00,1.965830782496455820e+00
1.000000000000000000e+00,6.851646259971647668e-01
1.000000000000000000e+00,7.794984694978736028e-01
1.000000000000000000e+00,6.544984694978736028e-01
1.000000000000000000e+00,1.683996938995747206e+00
1.000000000000000000e+00,1.372664625997164656e+00
1.000000000000000000e+00,1.216998469497873714e+00
1.000000000000000000e+00,2.433996938995747428e+00
1.000000000000000000e+00,1.279498469497873714e+00
1.000000000000000000e+00,1.216998469497873714e+00
1.000000000000000000e+00,1.310164625997164656e+00
1.000000000000000000e+00,1.310164625997164656e+00
1.000000000000000000e+00,1.185164625997164656e+00
1.000000000000000000e+00,1.247664625997164656e+00
1.000000000000000000e+00,1.122664625997164656e+00
1.000000000000000000e+00,1.122664625997164656e+00
1.000000000000000000e+00,1.060164625997164656e+00
1.000000000000000000e+00,9.044984694978736028e-01
1.000000000000000000e+00,8.726646259971647668e-01
1.000000000000000000e+00,-5.000000000000000000e-01
1.000000000000000000e+00,2.089663095495038370e+00
1.000000000000000000e+00,9.351646259971647668e-01
1.000000000000000000e+00,8.726646259971647668e-01
1.000000000000000000e+00,7.476646259971647668e-01
1.000000000000000000e+00,1.871496938995747206e+00
1.000000000000000000e+00,1.778330782496455820e+00
1.000000000000000000e+00,5.294984694978736028e-01
1.000000000000000000e+00,1.871496938995747206e+00
1.000000000000000000e+00,1.840830782496455820e+00
1.000000000000000000e+00,1.558996938995747206e+00
1.000000000000000000e+00,2.027163095495038370e+00
1.000000000000000000e+00,1.216998469497873714e+00
1.000000000000000000e+00,1.154498469497873714e+00
1.000000000000000000e+00,1.154498469497873714e+00
1.000000000000000000e+00,1.091998469497873714e+00
1.000000000000000000e+00,2.121496938995747428e+00
1.000000000000000000e+00,2.277163095495038370e+00
1.000000000000000000e+00,1.122664625997164656e+00
1.000000000000000000e+00,1.122664625997164656e+00
1.000000000000000000e+00,9.976646259971647668e-01
1.000000000000000000e+00,1.060164625997164656e+00
1.000000000000000000e+00,9.351646259971647668e-01
1.000000000000000000e+00,9.351646259971647668e-01
1.000000000000000000e+00,8.726646259971647668e-01
1.000000000000000000e+00,8.101646259971647668e-01
1.000000000000000000e+00,8.101646259971647668e-01
1.000000000000000000e+00,6.851646259971647668e-01
1.000000000000000000e+00,6.851646259971647668e-01
1.000000000000000000e+00,6.226646259971647668e-01
1.000000000000000000e+00,1.871496938995747206e+00
1.000000000000000000e+00,6.544984694978736028e-01
1.000000000000000000e+00,1.808996938995747206e+00
1.000000000000000000e+00,1.808996938995747206e+00
1.000000000000000000e+00,-3.750000000000000000e-01
1.000000000000000000e+00,1.496496938995747206e+00
1.000000000000000000e+00,2.152163095495038370e+00
1.000000000000000000e+00,1.029498469497873714e+00
1.000000000000000000e+00,1.029498469497873714e+00
1.000000000000000000e+00,2.121496938995747428e+00
1.000000000000000000e+00,1.932829251994329534e+00
1.000000000000000000e+00,9.669984694978736028e-01
1.000000000000000000e+00,9.044984694978736028e-01
1.000000000000000000e+00,9.669984694978736028e-01
1.000000000000000000e+00,9.976646259971647668e-01
1.000000000000000000e+00,2.089663095495038370e+00
1.000000000000000000e+00,8.726646259971647668e-01
1.000000000000000000e+00,8.101646259971647668e-01
1.000000000000000000e+00,8.101646259971647668e-01
1.000000000000000000e+00,1.902163095495038370e+00
1.000000000000000000e+00,6.226646259971647668e-01
1.000000000000000000e+00,6.226646259971647668e-01
1.000000000000000000e+00,6.226646259971647668e-01
1.000000000000000000e+00,6.226646259971647668e-01
1.000000000000000000e+00,3.419984694978736028e-01
1.000000000000000000e+00,1.808996938995747206e+00
1.000000000000000000e+00,4.044984694978736028e-01
1.000000000000000000e+00,1.683996938995747206e+00
1.000000000000000000e+00,1.653330782496455820e+00
1.000000000000000000e+00,1.029498469497873714e+00
1.000000000000000000e+00,1.528330782496455820e+00
1.000000000000000000e+00,2.090830782496455598e+00
1.000000000000000000e+00,9.669984694978736028e-01
1.000000000000000000e+00,8.419984694978736028e-01
1.000000000000000000e+00,9.669984694978736028e-01
1.000000000000000000e+00,8.419984694978736028e-01
1.000000000000000000e+00,8.419984694978736028e-01
1.000000000000000000e+00,8.419984694978736028e-01
1.000000000000000000e+00,9.976646259971647668e-01
1.000000000000000000e+00,9.351646259971647668e-01
1.000000000000000000e+00,7.794984694978736028e-01
1.000000000000000000e+00,5.294984694978736028e-01
1.000000000000000000e+00,7.476646259971647668e-01
1.000000000000000000e+00,6.226646259971647668e-01
1.000000000000000000e+00,1.777163095495038370e+00
1.000000000000000000e+00,5.601646259971647668e-01
1.000000000000000000e+00,5.601646259971647668e-01
1.000000000000000000e+00,3.419984694978736028e-01
1.000000000000000000e+00,1.683996938995747206e+00
1.000000000000000000e+00,2.794984694978736028e-01
1.000000000000000000e+00,1.683996938995747206e+00
1.000000000000000000e+00,2.794984694978736028e-01
1.000000000000000000e+00,1.863323129985823834e-01
1.000000000000000000e+00,1.715830782496455820e+00
1.000000000000000000e+00,9.316615649929119169e-02
1.000000000000000000e+00,9.669984694978736028e-01
1.000000000000000000e+00,8.113323129985823279e-01
1.000000000000000000e+00,8.738323129985823279e-01
1.000000000000000000e+00,2.246496938995747428e+00
1.000000000000000000e+00,7.488323129985823279e-01
1.000000000000000000e+00,7.488323129985823279e-01
1.000000000000000000e+00,8.419984694978736028e-01
1.000000000000000000e+00,7.794984694978736028e-01
1.000000000000000000e+00,1.996496938995747206e+00
1.000000000000000000e+00,7.794984694978736028e-01
1.000000000000000000e+00,7.169984694978736028e-01
1.000000000000000000e+00,5.294984694978736028e-01
1.000000000000000000e+00,1.933996938995747206e+00
1.000000000000000000e+00,5.294984694978736028e-01
1.000000000000000000e+00,4.669984694978736028e-01
1.000000000000000000e+00,4.044984694978736028e-01
1.000000000000000000e+00,4.044984694978736028e-01
1.000000000000000000e+00,1.683996938995747206e+00
1.000000000000000000e+00,1.496496938995747206e+00
1.000000000000000000e+00,1.621496938995747206e+00
1.000000000000000000e+00,1.496496938995747206e+00
1.000000000000000000e+00,-1.167687001417616610e-03
1.000000000000000000e+00,1.590830782496455820e+00
1.000000000000000000e+00,1.590830782496455820e+00
1.000000000000000000e+00,-3.183384350070880831e-02
1.000000000000000000e+00,6.863323129985823279e-01
1.000000000000000000e+00,-9.433384350070880831e-02
1.000000000000000000e+00,6.863323129985823279e-01
1.000000000000000000e+00,6.863323129985823279e-01
1.000000000000000000e+00,6.238323129985823279e-01
1.000000000000000000e+00,5.613323129985823279e-01
1.000000000000000000e+00,-5.931661564992911639e-01
1.000000000000000000e+00,5.613323129985823279e-01
1.000000000000000000e+00,-7.181661564992911639e-01
1.000000000000000000e+00,5.919984694978736028e-01
1.000000000000000000e+00,3.738323129985823834e-01
1.000000000000000000e+00,2.833078249645581970e-02
1.000000000000000000e+00,5.294984694978736028e-01
1.000000000000000000e+00,3.113323129985823834e-01
1.000000000000000000e+00,4.044984694978736028e-01
1.000000000000000000e+00,1.621496938995747206e+00
1.000000000000000000e+00,1.863323129985823834e-01
1.000000000000000000e+00,1.621496938995747206e+00
1.000000000000000000e+00,1.558996938995747206e+00
1.000000000000000000e+00,-3.300153050212639716e-02
1.000000000000000000e+00,-6.366768700141761661e-02
1.000000000000000000e+00,1.372664625997164656e+00
1.000000000000000000e+00,1.247664625997164656e+00
1.000000000000000000e+00,1.310164625997164656e+00
1.000000000000000000e+00,1.278330782496455820e+00
1.000000000000000000e+00,6.863323129985823279e-01
1.000000000000000000e+00,6.863323129985823279e-01
1.000000000000000000e+00,6.238323129985823279e-01
1.000000000000000000e+00,5.613323129985823279e-01
1.000000000000000000e+00,6.238323129985823279e-01
1.000000000000000000e+00,5.613323129985823279e-01
1.000000000000000000e+00,3.113323129985823834e-01
1.000000000000000000e+00,4.363323129985823834e-01
1.000000000000000000e+00,5.294984694978736028e-01
1.000000000000000000e+00,1.746496938995747206e+00
1.000000000000000000e+00,4.669984694978736028e-01
1.000000000000000000e+00,1.683996938995747206e+00
1.000000000000000000e+00,2.488323129985823834e-01
1.000000000000000000e+00,1.863323129985823834e-01
1.000000000000000000e+00,1.238323129985823834e-01
1.000000000000000000e+00,3.419984694978736028e-01
1.000000000000000000e+00,-1.167687001417616610e-03
1.000000000000000000e+00,-6.366768700141761661e-02
1.000000000000000000e+00,-1.261676870014176166e-01
1.000000000000000000e+00,6.133231299858238339e-02
1.000000000000000000e+00,-1.261676870014176166e-01
1.000000000000000000e+00,1.247664625997164656e+00
1.000000000000000000e+00,1.340830782496455820e+00
1.000000000000000000e+00,1.122664625997164656e+00
1.000000000000000000e+00,1.216998469497873714e+00
1.000000000000000000e+00,5.613323129985823279e-01
1.000000000000000000e+00,-6.556661564992911639e-01
1.000000000000000000e+00,4.988323129985823834e-01
1.000000000000000000e+00,1.778330782496455820e+00
1.000000000000000000e+00,4.988323129985823834e-01
1.000000000000000000e+00,3.431661564992911639e-01
1.000000000000000000e+00,4.363323129985823834e-01
1.000000000000000000e+00,3.738323129985823834e-01
1.000000000000000000e+00,4.988323129985823834e-01
1.000000000000000000e+00,1.683996938995747206e+00
1.000000000000000000e+00,3.113323129985823834e-01
1.000000000000000000e+00,1.238323129985823834e-01
1.000000000000000000e+00,1.238323129985823834e-01
1.000000000000000000e+00,6.133231299858238339e-02
1.000000000000000000e+00,-1.167687001417616610e-03
1.000000000000000000e+00,-6.366768700141761661e-02
1.000000000000000000e+00,-1.261676870014176166e-01
1.000000000000000000e+00,6.133231299858238339e-02
1.000000000000000000e+00,-6.366768700141761661e-02
1.000000000000000000e+00,1.278330782496455820e+00
1.000000000000000000e+00,-2.193338435007088083e-01
1.000000000000000000e+00,1.340830782496455820e+00
1.000000000000000000e+00,1.154498469497873714e+00
1.000000000000000000e+00,1.310164625997164656e+00
1.000000000000000000e+00,1.091998469497873714e+00
1.000000000000000000e+00,8.408307824964558197e-01
1.000000000000000000e+00,-5.625000000000000000e-01
1.000000000000000000e+00,1.653330782496455820e+00
1.000000000000000000e+00,1.778330782496455820e+00
1.000000000000000000e+00,3.431661564992911639e-01
1.000000000000000000e+00,2.181661564992911917e-01
1.000000000000000000e+00,2.806661564992911639e-01
1.000000000000000000e+00,2.806661564992911639e-01
1.000000000000000000e+00,2.181661564992911917e-01
1.000000000000000000e+00,-9.681661564992911639e-01
1.000000000000000000e+00,2.488323129985823834e-01
1.000000000000000000e+00,1.183996938995747206e+00
1.000000000000000000e+00,6.133231299858238339e-02
1.000000000000000000e+00,6.133231299858238339e-02
1.000000000000000000e+00,6.133231299858238339e-02
1.000000000000000000e+00,-6.366768700141761661e-02
1.000000000000000000e+00,-1.123832312998582328e+00
1.000000000000000000e+00,-1.261676870014176166e-01
1.000000000000000000e+00,1.278330782496455820e+00
1.000000000000000000e+00,1.122664625997164656e+00
1.000000000000000000e+00,-3.443338435007088361e-01
1.000000000000000000e+00,1.185164625997164656e+00
1.000000000000000000e+00,1.091998469497873714e+00
1.000000000000000000e+00,8.726646259971647668e-01
1.000000000000000000e+00,9.669984694978736028e-01
1.000000000000000000e+00,-5.625000000000000000e-01
1.000000000000000000e+00,2.806661564992911639e-01
1.000000000000000000e+00,2.181661564992911917e-01
1.000000000000000000e+00,2.181661564992911917e-01
1.000000000000000000e+00,1.556661564992911917e-01
1.000000000000000000e+00,1.556661564992911917e-01
1.000000000000000000e+00,1.556661564992911917e-01
1.000000000000000000e+00,1.433996938995747206e+00
1.000000000000000000e+00,9.316615649929119169e-02
1.000000000000000000e+00,9.316615649929119169e-02
1.000000000000000000e+00,3.066615649929119169e-02
1.000000000000000000e+00,-1.167687001417616610e-03
1.000000000000000000e+00,1.153330782496455820e+00
1.000000000000000000e+00,-1.167687001417616610e-03
1.000000000000000000e+00,-6.366768700141761661e-02
1.000000000000000000e+00,-1.261676870014176166e-01
1.000000000000000000e+00,-2.511676870014176166e-01
1.000000000000000000e+00,-2.511676870014176166e-01
1.000000000000000000e+00,1.090830782496455820e+00
1.000000000000000000e+00,-4.068338435007088361e-01
1.000000000000000000e+00,-4.693338435007088361e-01
1.000000000000000000e+00,-5.318338435007088361e-01
1.000000000000000000e+00,9.669984694978736028e-01
1.000000000000000000e+00,9.669984694978736028e-01
1.000000000000000000e+00,9.044984694978736028e-01
1.000000000000000000e+00,2.806661564992911639e-01
1.000000000000000000e+00,-7.181661564992911639e-01
1.000000000000000000e+00,2.806661564992911639e-01
1.000000000000000000e+00,1.556661564992911917e-01
1.000000000000000000e+00,9.316615649929119169e-02
1.000000000000000000e+00,-1.248832312998582328e+00
1.000000000000000000e+00,-3.183384350070880831e-02
1.000000000000000000e+00,3.431661564992911639e-01
1.000000000000000000e+00,-3.183384350070880831e-02
1.000000000000000000e+00,-9.433384350070880831e-02
1.000000000000000000e+00,-9.433384350070880831e-02
1.000000000000000000e+00,-1.568338435007088083e-01
1.000000000000000000e+00,-9.433384350070880831e-02
1.000000000000000000e+00,-2.818338435007088361e-01
1.000000000000000000e+00,-3.443338435007088361e-01
1.000000000000000000e+00,-2.511676870014176166e-01
1.000000000000000000e+00,-3.443338435007088361e-01
1.000000000000000000e+00,-4.693338435007088361e-01
1.000000000000000000e+00,-4.386676870014176166e-01
1.000000000000000000e+00,8.726646259971647668e-01
1.000000000000000000e+00,-6.250000000000000000e-01
1.000000000000000000e+00,8.419984694978736028e-01
1.000000000000000000e+00,-6.250000000000000000e-01
1.000000000000000000e+00,-6.250000000000000000e-01
1.000000000000000000e+00,8.101646259971647668e-01
1.000000000000000000e+00,1.556661564992911917e-01
1.000000000000000000e+00,2.181661564992911917e-01
1.000000000000000000e+00,1.556661564992911917e-01
1.000000000000000000e+00,-6.250000000000000000e-02
1.000000000000000000e+00,-3.183384350070880831e-02
1.000000000000000000e+00,-6.250000000000000000e-02
1.000000000000000000e+00,-9.433384350070880831e-02
1.000000000000000000e+00,-9.433384350070880831e-02
1.000000000000000000e+00,-3.183384350070880831e-02
1.000000000000000000e+00,-9.433384350070880831e-02
1.000000000000000000e+00,-2.500000000000000000e-01
1.000000000000000000e+00,-2.818338435007088361e-01
1.000000000000000000e+00,-1.886676870014176166e-01
1.000000000000000000e+00,-4.068338435007088361e-01
1.000000000000000000e+00,-2.511676870014176166e-01
1.000000000000000000e+00,-4.693338435007088361e-01
1.000000000000000000e+00,-5.943338435007088361e-01
1.000000000000000000e+00,-4.068338435007088361e-01
1.000000000000000000e+00,-6.875000000000000000e-01
1.000000000000000000e+00,-5.943338435007088361e-01
1.000000000000000000e+00,-8.125000000000000000e-01
1.000000000000000000e+00,-6.875000000000000000e-01
1.000000000000000000e+00,7.476646259971647668e-01
1.000000000000000000e+00,-9.375000000000000000e-01
1.000000000000000000e+00,7.169984694978736028e-01
1.000000000000000000e+00,-9.681661564992911639e-01
1.000000000000000000e+00,5.601646259971647668e-01
1.000000000000000000e+00,-6.250000000000000000e-02
1.000000000000000000e+00,-1.250000000000000000e-01
1.000000000000000000e+00,-6.250000000000000000e-02
1.000000000000000000e+00,-1.250000000000000000e-01
1.000000000000000000e+00,-2.500000000000000000e-01
1.000000000000000000e+00,-3.125000000000000000e-01
1.000000000000000000e+00,-2.193338435007088083e-01
1.000000000000000000e+00,1.058996938995747206e+00
1.000000000000000000e+00,-2.193338435007088083e-01
1.000000000000000000e+00,-5.000000000000000000e-01
1.000000000000000000e+00,9.351646259971647668e-01
1.000000000000000000e+00,-4.693338435007088361e-01
1.000000000000000000e+00,-4.068338435007088361e-01
1.000000000000000000e+00,-6.875000000000000000e-01
1.000000000000000000e+00,-6.875000000000000000e-01
1.000000000000000000e+00,-7.500000000000000000e-01
1.000000000000000000e+00,6.851646259971647668e-01
1.000000000000000000e+00,-7.500000000000000000e-01
1.000000000000000000e+00,-7.500000000000000000e-01
1.000000000000000000e+00,7.169984694978736028e-01
1.000000000000000000e+00,-9.375000000000000000e-01
1.000000000000000000e+00,6.544984694978736028e-01
1.000000000000000000e+00,6.863323129985823279e-01
1.000000000000000000e+00,-1.186332312998582328e+00
1.000000000000000000e+00,4.044984694978736028e-01
1.000000000000000000e+00,-1.250000000000000000e-01
1.000000000000000000e+00,1.216998469497873714e+00
1.000000000000000000e+00,-1.875000000000000000e-01
1.000000000000000000e+00,-1.875000000000000000e-01
1.000000000000000000e+00,-3.125000000000000000e-01
1.000000000000000000e+00,-3.125000000000000000e-01
1.000000000000000000e+00,-5.000000000000000000e-01
1.000000000000000000e+00,-3.443338435007088361e-01
1.000000000000000000e+00,9.351646259971647668e-01
1.000000000000000000e+00,-6.250000000000000000e-01
1.000000000000000000e+00,-6.250000000000000000e-01
1.000000000000000000e+00,-7.500000000000000000e-01
1.000000000000000000e+00,7.476646259971647668e-01
1.000000000000000000e+00,7.476646259971647668e-01
1.000000000000000000e+00,-8.125000000000000000e-01
1.000000000000000000e+00,-9.375000000000000000e-01
1.000000000000000000e+00,7.476646259971647668e-01
1.000000000000000000e+00,-1.030666156499291164e+00
1.000000000000000000e+00,-9.681661564992911639e-01
1.000000000000000000e+00,6.544984694978736028e-01
1.000000000000000000e+00,-9.681661564992911639e-01
1.000000000000000000e+00,-2.806661564992911639e-01
1.000000000000000000e+00,-2.500000000000000000e-01
1.000000000000000000e+00,-2.500000000000000000e-01
1.000000000000000000e+00,-2.500000000000000000e-01
1.000000000000000000e+00,-1.875000000000000000e-01
1.000000000000000000e+00,-3.125000000000000000e-01
1.000000000000000000e+00,-3.125000000000000000e-01
1.000000000000000000e+00,-3.750000000000000000e-01
1.000000000000000000e+00,-3.750000000000000000e-01
1.000000000000000000e+00,9.669984694978736028e-01
1.000000000000000000e+00,-4.375000000000000000e-01
1.000000000000000000e+00,-5.625000000000000000e-01
1.000000000000000000e+00,-2.818338435007088361e-01
1.000000000000000000e+00,-6.875000000000000000e-01
1.000000000000000000e+00,9.351646259971647668e-01
1.000000000000000000e+00,5.908307824964558197e-01
1.000000000000000000e+00,-8.750000000000000000e-01
1.000000000000000000e+00,-8.750000000000000000e-01
1.000000000000000000e+00,-9.375000000000000000e-01
1.000000000000000000e+00,-8.750000000000000000e-01
1.000000000000000000e+00,-9.375000000000000000e-01
1.000000000000000000e+00,-1.093166156499291164e+00
1.000000000000000000e+00,4.669984694978736028e-01
1.000000000000000000e+00,5.294984694978736028e-01
1.000000000000000000e+00,6.238323129985823279e-01
1.000000000000000000e+00,-1.248832312998582328e+00
1.000000000000000000e+00,4.363323129985823834e-01
1.000000000000000000e+00,-4.681661564992911639e-01
1.000000000000000000e+00,-2.500000000000000000e-01
1.000000000000000000e+00,-4.681661564992911639e-01
1.000000000000000000e+00,-5.306661564992911639e-01
1.000000000000000000e+00,1.029498469497873714e+00
1.000000000000000000e+00,-6.556661564992911639e-01
1.000000000000000000e+00,-5.931661564992911639e-01
1.000000000000000000e+00,-1.747664625997164656e+00
1.000000000000000000e+00,-7.181661564992911639e-01
1.000000000000000000e+00,-7.181661564992911639e-01
1.000000000000000000e+00,-5.625000000000000000e-01
1.000000000000000000e+00,-6.875000000000000000e-01
1.000000000000000000e+00,-6.875000000000000000e-01
1.000000000000000000e+00,-8.750000000000000000e-01
1.000000000000000000e+00,-7.818338435007088361e-01
1.000000000000000000e+00,-8.750000000000000000e-01
1.000000000000000000e+00,-1.030666156499291164e+00
1.000000000000000000e+00,-1.062500000000000000e+00
1.000000000000000000e+00,-1.125000000000000000e+00
1.000000000000000000e+00,-1.218166156499291164e+00
1.000000000000000000e+00,-1.280666156499291164e+00
1.000000000000000000e+00,-1.280666156499291164e+00
1.000000000000000000e+00,-1.280666156499291164e+00
1.000000000000000000e+00,-1.311332312998582328e+00
1.000000000000000000e+00,4.056661564992911639e-01
1.000000000000000000e+00,-1.436332312998582328e+00
1.000000000000000000e+00,-5.306661564992911639e-01
1.000000000000000000e+00,-6.556661564992911639e-01
1.000000000000000000e+00,-7.181661564992911639e-01
1.000000000000000000e+00,-7.181661564992911639e-01
1.000000000000000000e+00,-6.556661564992911639e-01
1.000000000000000000e+00,-7.181661564992911639e-01
1.000000000000000000e+00,-7.181661564992911639e-01
1.000000000000000000e+00,-8.431661564992911639e-01
1.000000000000000000e+00,-8.431661564992911639e-01
1.000000000000000000e+00,7.169984694978736028e-01
1.000000000000000000e+00,6.544984694978736028e-01
1.000000000000000000e+00,-9.681661564992911639e-01
1.000000000000000000e+00,-1.030666156499291164e+00
1.000000000000000000e+00,-1.093166156499291164e+00
1.000000000000000000e+00,-1.000000000000000000e+00
1.000000000000000000e+00,-1.093166156499291164e+00
1.000000000000000000e+00,-1.218166156499291164e+00
1.000000000000000000e+00,6.016462599716476678e-02
1.000000000000000000e+00,5.294984694978736028e-01
1.000000000000000000e+00,-1.248832312998582328e+00
1.000000000000000000e+00,3.738323129985823834e-01
1.000000000000000000e+00,-1.436332312998582328e+00
1.000000000000000000e+00,2.488323129985823834e-01
1.000000000000000000e+00,2.806661564992911639e-01
1.000000000000000000e+00,-1.623832312998582328e+00
1.000000000000000000e+00,-5.931661564992911639e-01
1.000000000000000000e+00,6.133231299858238339e-02
1.000000000000000000e+00,-8.431661564992911639e-01
1.000000000000000000e+00,8.738323129985823279e-01
1.000000000000000000e+00,-1.872664625997164656e+00
1.000000000000000000e+00,-9.056661564992911639e-01
1.000000000000000000e+00,6.544984694978736028e-01
1.000000000000000000e+00,-1.997664625997164656e+00
1.000000000000000000e+00,-9.681661564992911639e-01
1.000000000000000000e+00,-1.030666156499291164e+00
1.000000000000000000e+00,-1.030666156499291164e+00
1.000000000000000000e+00,-8.750000000000000000e-01
1.000000000000000000e+00,-1.155666156499291164e+00
1.000000000000000000e+00,-1.218166156499291164e+00
1.000000000000000000e+00,-1.218166156499291164e+00
1.000000000000000000e+00,-1.280666156499291164e+00
1.000000000000000000e+00,-1.343166156499291164e+00
1.000000000000000000e+00,-1.498832312998582328e+00
1.000000000000000000e+00,-1.498832312998582328e+00
1.000000000000000000e+00,-1.498832312998582328e+00
1.000000000000000000e+00,3.738323129985823834e-01
1.000000000000000000e+00,3.113323129985823834e-01
1.000000000000000000e+00,-1.686332312998582328e+00
1.000000000000000000e+00,1.556661564992911917e-01
1.000000000000000000e+00,-6.556661564992911639e-01
1.000000000000000000e+00,-6.556661564992911639e-01
1.000000000000000000e+00,-8.738323129985823279e-01
1.000000000000000000e+00,-8.738323129985823279e-01
1.000000000000000000e+00,7.488323129985823279e-01
1.000000000000000000e+00,-9.363323129985823279e-01
1.000000000000000000e+00,-1.123832312998582328e+00
1.000000000000000000e+00,-9.056661564992911639e-01
1.000000000000000000e+00,-1.061332312998582328e+00
1.000000000000000000e+00,-1.123832312998582328e+00
1.000000000000000000e+00,-1.123832312998582328e+00
1.000000000000000000e+00,-1.248832312998582328e+00
1.000000000000000000e+00,4.351646259971647668e-01
1.000000000000000000e+00,-1.155666156499291164e+00
1.000000000000000000e+00,-1.280666156499291164e+00
1.000000000000000000e+00,-1.436332312998582328e+00
1.000000000000000000e+00,-1.436332312998582328e+00
1.000000000000000000e+00,-1.561332312998582328e+00
1.000000000000000000e+00,-1.468166156499291164e+00
1.000000000000000000e+00,-1.498832312998582328e+00
1.000000000000000000e+00,1.238323129985823834e-01
1.000000000000000000e+00,1.863323129985823834e-01
1.000000000000000000e+00,6.133231299858238339e-02
1.000000000000000000e+00,3.066615649929119169e-02
1.000000000000000000e+00,-9.363323129985823279e-01
1.000000000000000000e+00,-1.886676870014176166e-01
1.000000000000000000e+00,-6.366768700141761661e-02
1.000000000000000000e+00,-1.997664625997164656e+00
1.000000000000000000e+00,-9.988323129985823279e-01
1.000000000000000000e+00,6.863323129985823279e-01
1.000000000000000000e+00,-9.988323129985823279e-01
1.000000000000000000e+00,-1.248832312998582328e+00
1.000000000000000000e+00,-1.248832312998582328e+00
1.000000000000000000e+00,-1.248832312998582328e+00
1.000000000000000000e+00,-1.248832312998582328e+00
1.000000000000000000e+00,5.294984694978736028e-01
1.000000000000000000e+00,-1.373832312998582328e+00
1.000000000000000000e+00,-1.436332312998582328e+00
1.000000000000000000e+00,-1.436332312998582328e+00
1.000000000000000000e+00,-1.405666156499291164e+00
1.000000000000000000e+00,-1.498832312998582328e+00
1.000000000000000000e+00,-1.561332312998582328e+00
1.000000000000000000e+00,-1.561332312998582328e+00
1.000000000000000000e+00,-1.873832312998582328e+00
1.000000000000000000e+00,-1.811332312998582328e+00
1.000000000000000000e+00,-1.748832312998582328e+00
1.000000000000000000e+00,1.238323129985823834e-01
1.000000000000000000e+00,9.316615649929119169e-02
1.000000000000000000e+00,-1.841998469497873714e+00
1.000000000000000000e+00,-8.431661564992911639e-01
1.000000000000000000e+00,-9.988323129985823279e-01
1.000000000000000000e+00,-1.061332312998582328e+00
1.000000000000000000e+00,-1.886676870014176166e-01
1.000000000000000000e+00,6.238323129985823279e-01
1.000000000000000000e+00,6.238323129985823279e-01
1.000000000000000000e+00,-1.186332312998582328e+00
1.000000000000000000e+00,-1.311332312998582328e+00
1.000000000000000000e+00,-1.373832312998582328e+00
1.000000000000000000e+00,-1.373832312998582328e+00
1.000000000000000000e+00,-1.498832312998582328e+00
1.000000000000000000e+00,-1.498832312998582328e+00
1.000000000000000000e+00,-1.343166156499291164e+00
1.000000000000000000e+00,-1.436332312998582328e+00
1.000000000000000000e+00,-1.498832312998582328e+00
1.000000000000000000e+00,-1.623832312998582328e+00
1.000000000000000000e+00,-1.686332312998582328e+00
1.000000000000000000e+00,-6.366768700141761661e-02
1.000000000000000000e+00,-1.686332312998582328e+00
1.000000000000000000e+00,-6.366768700141761661e-02
1.000000000000000000e+00,-1.779498469497873714e+00
1.000000000000000000e+00,-1.904498469497873714e+00
1.000000000000000000e+00,-2.029498469497873714e+00
1.000000000000000000e+00,3.066615649929119169e-02
1.000000000000000000e+00,-2.185164625997164656e+00
1.000000000000000000e+00,-2.247664625997164656e+00
1.000000000000000000e+00,-1.186332312998582328e+00
1.000000000000000000e+00,-1.216998469497873714e+00
1.000000000000000000e+00,-9.433384350070880831e-02
1.000000000000000000e+00,-1.186332312998582328e+00
1.000000000000000000e+00,-1.186332312998582328e+00
1.000000000000000000e+00,-1.248832312998582328e+00
1.000000000000000000e+00,-1.466998469497873714e+00
1.000000000000000000e+00,4.363323129985823834e-01
1.000000000000000000e+00,-1.311332312998582328e+00
1.000000000000000000e+00,2.794984694978736028e-01
1.000000000000000000e+00,-1.561332312998582328e+00
1.000000000000000000e+00,-1.498832312998582328e+00
1.000000000000000000e+00,-1.561332312998582328e+00
1.000000000000000000e+00,-1.748832312998582328e+00
1.000000000000000000e+00,-1.716998469497873714e+00
1.000000000000000000e+00,-1.841998469497873714e+00
1.000000000000000000e+00,-1.748832312998582328e+00
1.000000000000000000e+00,-1.811332312998582328e+00
1.000000000000000000e+00,-1.904498469497873714e+00
1.000000000000000000e+00,-2.029498469497873714e+00
1.000000000000000000e+00,-2.091998469497873714e+00
1.000000000000000000e+00,-2.154498469497873714e+00
1.000000000000000000e+00,-2.029498469497873714e+00
1.000000000000000000e+00,-1.568338435007088083e-01
1.000000000000000000e+00,-2.247664625997164656e+00
1.000000000000000000e+00,-1.279498469497873714e+00
1.000000000000000000e+00,-1.404498469497873714e+00
1.000000000000000000e+00,-4.693338435007088361e-01
1.000000000000000000e+00,-1.466998469497873714e+00
1.000000000000000000e+00,2.806661564992911639e-01
1.000000000000000000e+00,-1.529498469497873714e+00
1.000000000000000000e+00,-1.591998469497873714e+00
1.000000000000000000e+00,4.363323129985823834e-01
1.000000000000000000e+00,-1.591998469497873714e+00
1.000000000000000000e+00,-1.654498469497873714e+00
1.000000000000000000e+00,-1.654498469497873714e+00
1.000000000000000000e+00,-1.716998469497873714e+00
1.000000000000000000e+00,-1.779498469497873714e+00
1.000000000000000000e+00,-1.904498469497873714e+00
1.000000000000000000e+00,-1.904498469497873714e+00
1.000000000000000000e+00,-6.366768700141761661e-02
1.000000000000000000e+00,-1.261676870014176166e-01
1.000000000000000000e+00,-1.966998469497873714e+00
1.000000000000000000e+00,-2.091998469497873714e+00
1.000000000000000000e+00,-2.091998469497873714e+00
1.000000000000000000e+00,-2.154498469497873714e+00
1.000000000000000000e+00,-2.091998469497873714e+00
1.000000000000000000e+00,-2.500000000000000000e-01
1.000000000000000000e+00,-2.500000000000000000e-01
1.000000000000000000e+00,-3.443338435007088361e-01
1.000000000000000000e+00,-1.404498469497873714e+00
1.000000000000000000e+00,-2.590830782496455598e+00
1.000000000000000000e+00,-4.068338435007088361e-01
1.000000000000000000e+00,-1.529498469497873714e+00
1.000000000000000000e+00,-1.591998469497873714e+00
1.000000000000000000e+00,-1.654498469497873714e+00
1.000000000000000000e+00,1.556661564992911917e-01
1.000000000000000000e+00,1.556661564992911917e-01
1.000000000000000000e+00,-1.654498469497873714e+00
1.000000000000000000e+00,-1.779498469497873714e+00
1.000000000000000000e+00,6.133231299858238339e-02
1.000000000000000000e+00,-1.904498469497873714e+00
1.000000000000000000e+00,-1.686332312998582328e+00
1.000000000000000000e+00,-1.966998469497873714e+00
1.000000000000000000e+00,-1.936332312998582328e+00
1.000000000000000000e+00,-2.091998469497873714e+00
1.000000000000000000e+00,-2.193338435007088083e-01
1.000000000000000000e+00,-2.154498469497873714e+00
1.000000000000000000e+00,-2.279498469497873714e+00
1.000000000000000000e+00,-2.193338435007088083e-01
1.000000000000000000e+00,-2.372664625997164656e+00
1.000000000000000000e+00,-2.818338435007088361e-01
1.000000000000000000e+00,-4.068338435007088361e-01
1.000000000000000000e+00,-4.375000000000000000e-01
1.000000000000000000e+00,-2.590830782496455598e+00
1.000000000000000000e+00,-5.000000000000000000e-01
1.000000000000000000e+00,-2.778330782496455598e+00
1.000000000000000000e+00,-6.875000000000000000e-01
1.000000000000000000e+00,2.806661564992911639e-01
1.000000000000000000e+00,-1.685164625997164656e+00
1.000000000000000000e+00,-1.591998469497873714e+00
1.000000000000000000e+00,-1.872664625997164656e+00
1.000000000000000000e+00,-1.872664625997164656e+00
1.000000000000000000e+00,-1.935164625997164656e+00
1.000000000000000000e+00,-1.872664625997164656e+00
1.000000000000000000e+00,-1.779498469497873714e+00
1.000000000000000000e+00,-1.966998469497873714e+00
1.000000000000000000e+00,-2.060164625997164656e+00
1.000000000000000000e+00,-2.029498469497873714e+00
1.000000000000000000e+00,-2.091998469497873714e+00
1.000000000000000000e+00,-2.216998469497873714e+00
1.000000000000000000e+00,-2.247664625997164656e+00
1.000000000000000000e+00,-2.372664625997164656e+00
1.000000000000000000e+00,-2.435164625997164656e+00
1.000000000000000000e+00,-4.068338435007088361e-01
1.000000000000000000e+00,-4.693338435007088361e-01
1.000000000000000000e+00,-4.068338435007088361e-01
1.000000000000000000e+00,-2.497664625997164656e+00
1.000000000000000000e+00,-2.653330782496455598e+00
1.000000000000000000e+00,-1.466998469497873714e+00
1.000000000000000000e+00,-5.931661564992911639e-01
1.000000000000000000e+00,-2.933996938995747428e+00
1.000000000000000000e+00,-6.250000000000000000e-01
1.000000000000000000e+00,-1.404498469497873714e+00
1.000000000000000000e+00,-1.622664625997164656e+00
1.000000000000000000e+00,1.556661564992911917e-01
1.000000000000000000e+00,-1.810164625997164656e+00
1.000000000000000000e+00,-1.810164625997164656e+00
1.000000000000000000e+00,9.316615649929119169e-02
1.000000000000000000e+00,-3.183384350070880831e-02
1.000000000000000000e+00,-1.810164625997164656e+00
1.000000000000000000e+00,-1.841998469497873714e+00
1.000000000000000000e+00,-1.997664625997164656e+00
1.000000000000000000e+00,-2.060164625997164656e+00
1.000000000000000000e+00,-1.748832312998582328e+00
1.000000000000000000e+00,-1.966998469497873714e+00
1.000000000000000000e+00,-2.029498469497873714e+00
1.000000000000000000e+00,-2.193338435007088083e-01
1.000000000000000000e+00,-2.185164625997164656e+00
1.000000000000000000e+00,-2.310164625997164656e+00
1.000000000000000000e+00,-2.185164625997164656e+00
1.000000000000000000e+00,-2.247664625997164656e+00
1.000000000000000000e+00,-2.185164625997164656e+00
1.000000000000000000e+00,-2.372664625997164656e+00
1.000000000000000000e+00,-2.310164625997164656e+00
1.000000000000000000e+00,-1.341998469497873714e+00
1.000000000000000000e+00,-1.341998469497873714e+00
1.000000000000000000e+00,-1.279498469497873714e+00
1.000000000000000000e+00,-1.404498469497873714e+00
1.000000000000000000e+00,2.181661564992911917e-01
1.000000000000000000e+00,-1.466998469497873714e+00
1.000000000000000000e+00,-1.560164625997164656e+00
1.000000000000000000e+00,-1.529498469497873714e+00
1.000000000000000000e+00,-1.529498469497873714e+00
1.000000000000000000e+00,-1.654498469497873714e+00
1.000000000000000000e+00,-1.654498469497873714e+00
1.000000000000000000e+00,-1.716998469497873714e+00
1.000000000000000000e+00,-1.779498469497873714e+00
1.000000000000000000e+00,-3.300153050212639716e-02
1.000000000000000000e+00,-1.748832312998582328e+00
1.000000000000000000e+00,-1.811332312998582328e+00
1.000000000000000000e+00,-3.183384350070880831e-02
1.000000000000000000e+00,-1.966998469497873714e+00
1.000000000000000000e+00,-1.966998469497873714e+00
1.000000000000000000e+00,-2.029498469497873714e+00
1.000000000000000000e+00,-2.185164625997164656e+00
1.000000000000000000e+00,-2.122664625997164656e+00
1.000000000000000000e+00,-2.060164625997164656e+00
1.000000000000000000e+00,-2.185164625997164656e+00
1.000000000000000000e+00,-2.500000000000000000e-01
1.000000000000000000e+00,-2.403330782496455598e+00
1.000000000000000000e+00,-1.404498469497873714e+00
1.000000000000000000e+00,-4.068338435007088361e-01
1.000000000000000000e+00,-1.154498469497873714e+00
1.000000000000000000e+00,-1.341998469497873714e+00
1.000000000000000000e+00,4.681661564992911639e-01
1.000000000000000000e+00,-1.404498469497873714e+00
1.000000000000000000e+00,2.806661564992911639e-01
1.000000000000000000e+00,-1.404498469497873714e+00
1.000000000000000000e+00,-1.529498469497873714e+00
1.000000000000000000e+00,-1.591998469497873714e+00
1.000000000000000000e+00,-1.591998469497873714e+00
1.000000000000000000e+00,-1.716998469497873714e+00
1.000000000000000000e+00,-2.621496938995747428e+00
1.000000000000000000e+00,-1.623832312998582328e+00
1.000000000000000000e+00,-3.300153050212639716e-02
1.000000000000000000e+00,1.238323129985823834e-01
1.000000000000000000e+00,-1.779498469497873714e+00
1.000000000000000000e+00,-1.904498469497873714e+00
1.000000000000000000e+00,-3.183384350070880831e-02
1.000000000000000000e+00,-1.779498469497873714e+00
1.000000000000000000e+00,-1.841998469497873714e+00
1.000000000000000000e+00,-1.904498469497873714e+00
1.000000000000000000e+00,-2.060164625997164656e+00
1.000000000000000000e+00,-1.250000000000000000e-01
1.000000000000000000e+00,-1.154498469497873714e+00
1.000000000000000000e+00,-1.123832312998582328e+00
1.000000000000000000e+00,-9.433384350070880831e-02
1.000000000000000000e+00,-1.279498469497873714e+00
1.000000000000000000e+00,-1.216998469497873714e+00
1.000000000000000000e+00,4.681661564992911639e-01
1.000000000000000000e+00,4.681661564992911639e-01
1.000000000000000000e+00,-1.279498469497873714e+00
1.000000000000000000e+00,-1.341998469497873714e+00
1.000000000000000000e+00,-1.404498469497873714e+00
1.000000000000000000e+00,-1.218166156499291164e+00
1.000000000000000000e+00,-1.436332312998582328e+00
1.000000000000000000e+00,-1.436332312998582328e+00
1.000000000000000000e+00,-1.561332312998582328e+00
1.000000000000000000e+00,-1.498832312998582328e+00
1.000000000000000000e+00,-1.498832312998582328e+00
1.000000000000000000e+00,-1.498832312998582328e+00
1.000000000000000000e+00,-1.686332312998582328e+00
1.000000000000000000e+00,-1.811332312998582328e+00
1.000000000000000000e+00,1.556661564992911917e-01
1.000000000000000000e+00,-1.779498469497873714e+00
1.000000000000000000e+00,-1.779498469497873714e+00
1.000000000000000000e+00,-9.433384350070880831e-02
1.000000000000000000e+00,-1.841998469497873714e+00
1.000000000000000000e+00,-9.433384350070880831e-02
1.000000000000000000e+00,-9.988323129985823279e-01
1.000000000000000000e+00,-1.061332312998582328e+00
1.000000000000000000e+00,-1.568338435007088083e-01
1.000000000000000000e+00,-1.061332312998582328e+00
1.000000000000000000e+00,-9.988323129985823279e-01
1.000000000000000000e+00,6.238323129985823279e-01
1.000000000000000000e+00,-1.123832312998582328e+00
1.000000000000000000e+00,-1.216998469497873714e+00
1.000000000000000000e+00,-1.123832312998582328e+00
1.000000000000000000e+00,-1.123832312998582328e+00
1.000000000000000000e+00,-1.248832312998582328e+00
1.000000000000000000e+00,-1.311332312998582328e+00
1.000000000000000000e+00,-1.311332312998582328e+00
1.000000000000000000e+00,-1.311332312998582328e+00
1.000000000000000000e+00,-1.498832312998582328e+00
1.000000000000000000e+00,-1.561332312998582328e+00
1.000000000000000000e+00,-1.561332312998582328e+00
1.000000000000000000e+00,-1.623832312998582328e+00
1.000000000000000000e+00,-1.591998469497873714e+00
1.000000000000000000e+00,-1.498832312998582328e+00
1.000000000000000000e+00,-1.591998469497873714e+00
1.000000000000000000e+00,-1.841998469497873714e+00
1.000000000000000000e+00,1.556661564992911917e-01
1.000000000000000000e+00,-1.716998469497873714e+00
1.000000000000000000e+00,-3.183384350070880831e-02
1.000000000000000000e+00,-7.181661564992911639e-01
1.000000000000000000e+00,-9.363323129985823279e-01
1.000000000000000000e+00,-8.113323129985823279e-01
1.000000000000000000e+00,-8.738323129985823279e-01
1.000000000000000000e+00,-8.738323129985823279e-01
1.000000000000000000e+00,-9.988323129985823279e-01
1.000000000000000000e+00,-9.363323129985823279e-01
1.000000000000000000e+00,-9.988323129985823279e-01
1.000000000000000000e+00,-1.061332312998582328e+00
1.000000000000000000e+00,-1.061332312998582328e+00
1.000000000000000000e+00,-1.061332312998582328e+00
1.000000000000000000e+00,-1.311332312998582328e+00
1.000000000000000000e+00,-1.248832312998582328e+00
1.000000000000000000e+00,-1.311332312998582328e+00
1.000000000000000000e+00,-1.280666156499291164e+00
1.000000000000000000e+00,-1.218166156499291164e+00
1.000000000000000000e+00,-1.498832312998582328e+00
1.000000000000000000e+00,-1.436332312998582328e+00
1.000000000000000000e+00,-1.498832312998582328e+00
1.000000000000000000e+00,2.488323129985823834e-01
1.000000000000000000e+00,-1.561332312998582328e+00
1.000000000000000000e+00,2.488323129985823834e-01
1.000000000000000000e+00,1.556661564992911917e-01
1.000000000000000000e+00,-1.716998469497873714e+00
1.000000000000000000e+00,-5.613323129985823279e-01
1.000000000000000000e+00,1.863323129985823834e-01
1.000000000000000000e+00,-7.488323129985823279e-01
1.000000000000000000e+00,3.066615649929119169e-02
1.000000000000000000e+00,-7.488323129985823279e-01
1.000000000000000000e+00,-8.113323129985823279e-01
1.000000000000000000e+00,-8.738323129985823279e-01
1.000000000000000000e+00,-9.988323129985823279e-01
1.000000000000000000e+00,-1.061332312998582328e+00
1.000000000000000000e+00,-8.431661564992911639e-01
1.000000000000000000e+00,-1.061332312998582328e+00
1.000000000000000000e+00,2.476646259971647668e-01
1.000000000000000000e+00,-9.681661564992911639e-01
1.000000000000000000e+00,-1.061332312998582328e+00
1.000000000000000000e+00,-1.123832312998582328e+00
1.000000000000000000e+00,-1.030666156499291164e+00
1.000000000000000000e+00,-1.155666156499291164e+00
1.000000000000000000e+00,-1.311332312998582328e+00
1.000000000000000000e+00,-1.343166156499291164e+00
1.000000000000000000e+00,-1.436332312998582328e+00
1.000000000000000000e+00,-1.436332312998582328e+00
1.000000000000000000e+00,-1.466998469497873714e+00
1.000000000000000000e+00,-1.436332312998582328e+00
1.000000000000000000e+00,-1.498832312998582328e+00
1.000000000000000000e+00,-1.623832312998582328e+00
1.000000000000000000e+00,1.556661564992911917e-01
1.000000000000000000e+00,-4.681661564992911639e-01
1.000000000000000000e+00,-5.931661564992911639e-01
1.000000000000000000e+00,-4.681661564992911639e-01
1.000000000000000000e+00,-6.556661564992911639e-01
1.000000000000000000e+00,8.738323129985823279e-01
1.000000000000000000e+00,9.669984694978736028e-01
1.000000000000000000e+00,-7.806661564992911639e-01
1.000000000000000000e+00,-7.806661564992911639e-01
1.000000000000000000e+00,-7.806661564992911639e-01
1.000000000000000000e+00,-8.738323129985823279e-01
1.000000000000000000e+00,-8.431661564992911639e-01
1.000000000000000000e+00,-9.056661564992911639e-01
1.000000000000000000e+00,-8.125000000000000000e-01
1.000000000000000000e+00,-9.681661564992911639e-01
1.000000000000000000e+00,-1.030666156499291164e+00
1.000000000000000000e+00,-1.093166156499291164e+00
1.000000000000000000e+00,5.601646259971647668e-01
1.000000000000000000e+00,-1.093166156499291164e+00
1.000000000000000000e+00,-1.155666156499291164e+00
1.000000000000000000e+00,-1.311332312998582328e+00
1.000000000000000000e+00,-1.248832312998582328e+00
1.000000000000000000e+00,-1.248832312998582328e+00
1.000000000000000000e+00,4.363323129985823834e-01
1.000000000000000000e+00,-3.431661564992911639e-01
1.000000000000000000e+00,3.431661564992911639e-01
1.000000000000000000e+00,-1.529498469497873714e+00
1.000000000000000000e+00,-1.591998469497873714e+00
1.000000000000000000e+00,-1.875000000000000000e-01
1.000000000000000000e+00,-4.681661564992911639e-01
1.000000000000000000e+00,-4.056661564992911639e-01
1.000000000000000000e+00,-5.931661564992911639e-01
1.000000000000000000e+00,1.029498469497873714e+00
1.000000000000000000e+00,9.044984694978736028e-01
1.000000000000000000e+00,-7.181661564992911639e-01
1.000000000000000000e+00,-7.181661564992911639e-01
1.000000000000000000e+00,-7.181661564992911639e-01
1.000000000000000000e+00,-7.806661564992911639e-01
1.000000000000000000e+00,-8.431661564992911639e-01
1.000000000000000000e+00,-9.056661564992911639e-01
1.000000000000000000e+00,-8.125000000000000000e-01
1.000000000000000000e+00,6.851646259971647668e-01
1.000000000000000000e+00,5.919984694978736028e-01
1.000000000000000000e+00,-1.093166156499291164e+00
1.000000000000000000e+00,5.294984694978736028e-01
1.000000000000000000e+00,-1.030666156499291164e+00
1.000000000000000000e+00,-1.155666156499291164e+00
1.000000000000000000e+00,-1.186332312998582328e+00
1.000000000000000000e+00,-1.123832312998582328e+00
1.000000000000000000e+00,-1.186332312998582328e+00
1.000000000000000000e+00,-3.431661564992911639e-01
1.000000000000000000e+00,-1.373832312998582328e+00
1.000000000000000000e+00,-4.988323129985823834e-01
1.000000000000000000e+00,-4.681661564992911639e-01
1.000000000000000000e+00,-4.681661564992911639e-01
1.000000000000000000e+00,1.091998469497873714e+00
1.000000000000000000e+00,-5.306661564992911639e-01
1.000000000000000000e+00,1.029498469497873714e+00
1.000000000000000000e+00,-5.306661564992911639e-01
1.000000000000000000e+00,-5.306661564992911639e-01
1.000000000000000000e+00,-6.556661564992911639e-01
1.000000000000000000e+00,9.669984694978736028e-01
1.000000000000000000e+00,-6.250000000000000000e-01
1.000000000000000000e+00,-5.943338435007088361e-01
1.000000000000000000e+00,-6.875000000000000000e-01
1.000000000000000000e+00,-7.500000000000000000e-01
1.000000000000000000e+00,-8.750000000000000000e-01
1.000000000000000000e+00,-8.125000000000000000e-01
1.000000000000000000e+00,-9.681661564992911639e-01
1.000000000000000000e+00,-8.750000000000000000e-01
1.000000000000000000e+00,-1.000000000000000000e+00
1.000000000000000000e+00,-1.093166156499291164e+00
1.000000000000000000e+00,-9.056661564992911639e-01
1.000000000000000000e+00,7.169984694978736028e-01
1.000000000000000000e+00,-1.093166156499291164e+00
1.000000000000000000e+00,-3.431661564992911639e-01
1.000000000000000000e+00,-1.248832312998582328e+00
1.000000000000000000e+00,-1.875000000000000000e-01
1.000000000000000000e+00,1.216998469497873714e+00
1.000000000000000000e+00,-2.500000000000000000e-01
1.000000000000000000e+00,-4.056661564992911639e-01
1.000000000000000000e+00,-4.056661564992911639e-01
1.000000000000000000e+00,-4.056661564992911639e-01
1.000000000000000000e+00,-3.750000000000000000e-01
1.000000000000000000e+00,-4.681661564992911639e-01
1.000000000000000000e+00,-3.125000000000000000e-01
1.000000000000000000e+00,-5.625000000000000000e-01
1.000000000000000000e+00,-6.875000000000000000e-01
1.000000000000000000e+00,-5.318338435007088361e-01
1.000000000000000000e+00,-6.875000000000000000e-01
1.000000000000000000e+00,-7.500000000000000000e-01
1.000000000000000000e+00,-8.125000000000000000e-01
1.000000000000000000e+00,-7.500000000000000000e-01
1.000000000000000000e+00,-6.875000000000000000e-01
1.000000000000000000e+00,7.476646259971647668e-01
1.000000000000000000e+00,-8.431661564992911639e-01
1.000000000000000000e+00,-8.431661564992911639e-01
1.000000000000000000e+00,-9.681661564992911639e-01
1.000000000000000000e+00,-9.056661564992911639e-01
1.000000000000000000e+00,7.488323129985823279e-01
1.000000000000000000e+00,5.919984694978736028e-01
1.000000000000000000e+00,-1.186332312998582328e+00
1.000000000000000000e+00,4.669984694978736028e-01
1.000000000000000000e+00,-1.250000000000000000e-01
1.000000000000000000e+00,-1.875000000000000000e-01
1.000000000000000000e+00,-1.875000000000000000e-01
1.000000000000000000e+00,-1.875000000000000000e-01
1.000000000000000000e+00,-2.500000000000000000e-01
1.000000000000000000e+00,-2.500000000000000000e-01
1.000000000000000000e+00,-2.500000000000000000e-01
1.000000000000000000e+00,-3.750000000000000000e-01
1.000000000000000000e+00,-3.750000000000000000e-01
1.000000000000000000e+00,-4.375000000000000000e-01
1.000000000000000000e+00,6.533307824964558197e-01
1.000000000000000000e+00,-4.693338435007088361e-01
1.000000000000000000e+00,-6.250000000000000000e-01
1.000000000000000000e+00,6.839969389957472057e-01
1.000000000000000000e+00,-6.875000000000000000e-01
1.000000000000000000e+00,-2.500000000000000000e-01
1.000000000000000000e+00,9.351646259971647668e-01
1.000000000000000000e+00,-8.125000000000000000e-01
1.000000000000000000e+00,-8.431661564992911639e-01
1.000000000000000000e+00,7.794984694978736028e-01
1.000000000000000000e+00,7.169984694978736028e-01
1.000000000000000000e+00,-7.181661564992911639e-01
1.000000000000000000e+00,8.419984694978736028e-01
1.000000000000000000e+00,5.919984694978736028e-01
1.000000000000000000e+00,-9.681661564992911639e-01
1.000000000000000000e+00,-6.250000000000000000e-02
1.000000000000000000e+00,-6.250000000000000000e-02
1.000000000000000000e+00,1.372664625997164656e+00
1.000000000000000000e+00,1.247664625997164656e+00
1.000000000000000000e+00,1.247664625997164656e+00
1.000000000000000000e+00,-2.500000000000000000e-01
1.000000000000000000e+00,-3.125000000000000000e-01
1.000000000000000000e+00,-2.500000000000000000e-01
1.000000000000000000e+00,-2.500000000000000000e-01
1.000000000000000000e+00,-3.125000000000000000e-01
1.000000000000000000e+00,-1.568338435007088083e-01
1.000000000000000000e+00,-2.193338435007088083e-01
1.000000000000000000e+00,-4.375000000000000000e-01
1.000000000000000000e+00,-5.625000000000000000e-01
1.000000000000000000e+00,9.351646259971647668e-01
1.000000000000000000e+00,8.408307824964558197e-01
1.000000000000000000e+00,-6.875000000000000000e-01
1.000000000000000000e+00,-5.625000000000000000e-01
1.000000000000000000e+00,-6.250000000000000000e-01
1.000000000000000000e+00,9.044984694978736028e-01
1.000000000000000000e+00,8.419984694978736028e-01
1.000000000000000000e+00,-8.431661564992911639e-01
1.000000000000000000e+00,-6.556661564992911639e-01
1.000000000000000000e+00,-9.681661564992911639e-01
1.000000000000000000e+00,6.851646259971647668e-01
1.000000000000000000e+00,1.560164625997164656e+00
1.000000000000000000e+00,0.000000000000000000e+00
1.000000000000000000e+00,6.250000000000000000e-02
1.000000000000000000e+00,6.250000000000000000e-02
1.000000000000000000e+00,0.000000000000000000e+00
1.000000000000000000e+00,-1.250000000000000000e-01
1.000000000000000000e+00,-1.250000000000000000e-01
1.000000000000000000e+00,1.247664625997164656e+00
1.000000000000000000e+00,-3.183384350070880831e-02
1.000000000000000000e+00,-1.875000000000000000e-01
1.000000000000000000e+00,-3.183384350070880831e-02
1.000000000000000000e+00,-2.818338435007088361e-01
1.000000000000000000e+00,-2.193338435007088083e-01
1.000000000000000000e+00,-3.443338435007088361e-01
1.000000000000000000e+00,-2.818338435007088361e-01
1.000000000000000000e+00,-5.000000000000000000e-01
1.000000000000000000e+00,-4.068338435007088361e-01
1.000000000000000000e+00,-5.000000000000000000e-01
1.000000000000000000e+00,9.351646259971647668e-01
1.000000000000000000e+00,-5.625000000000000000e-01
1.000000000000000000e+00,9.044984694978736028e-01
1.000000000000000000e+00,-6.875000000000000000e-01
1.000000000000000000e+00,3.431661564992911639e-01
1.000000000000000000e+00,-6.556661564992911639e-01
1.000000000000000000e+00,2.806661564992911639e-01
1.000000000000000000e+00,1.497664625997164656e+00
1.000000000000000000e+00,2.806661564992911639e-01
1.000000000000000000e+00,9.316615649929119169e-02
1.000000000000000000e+00,6.250000000000000000e-02
1.000000000000000000e+00,3.066615649929119169e-02
1.000000000000000000e+00,0.000000000000000000e+00
1.000000000000000000e+00,0.000000000000000000e+00
1.000000000000000000e+00,3.066615649929119169e-02
1.000000000000000000e+00,1.863323129985823834e-01
1.000000000000000000e+00,-3.183384350070880831e-02
1.000000000000000000e+00,-1.568338435007088083e-01
1.000000000000000000e+00,-9.433384350070880831e-02
1.000000000000000000e+00,-1.886676870014176166e-01
1.000000000000000000e+00,-6.366768700141761661e-02
1.000000000000000000e+00,-1.568338435007088083e-01
1.000000000000000000e+00,-2.193338435007088083e-01
1.000000000000000000e+00,1.185164625997164656e+00
1.000000000000000000e+00,-4.068338435007088361e-01
1.000000000000000000e+00,-5.000000000000000000e-01
1.000000000000000000e+00,1.185164625997164656e+00
1.000000000000000000e+00,1.091998469497873714e+00
1.000000000000000000e+00,1.091998469497873714e+00
1.000000000000000000e+00,-5.931661564992911639e-01
1.000000000000000000e+00,-6.556661564992911639e-01
1.000000000000000000e+00,-6.556661564992911639e-01
1.000000000000000000e+00,4.056661564992911639e-01
1.000000000000000000e+00,4.056661564992911639e-01
1.000000000000000000e+00,2.181661564992911917e-01
1.000000000000000000e+00,-9.363323129985823279e-01
1.000000000000000000e+00,-8.738323129985823279e-01
1.000000000000000000e+00,1.556661564992911917e-01
1.000000000000000000e+00,9.316615649929119169e-02
1.000000000000000000e+00,1.556661564992911917e-01
1.000000000000000000e+00,9.316615649929119169e-02
1.000000000000000000e+00,1.590830782496455820e+00
1.000000000000000000e+00,1.433996938995747206e+00
1.000000000000000000e+00,1.214663095495038370e+00
1.000000000000000000e+00,1.340830782496455820e+00
1.000000000000000000e+00,-6.366768700141761661e-02
1.000000000000000000e+00,1.278330782496455820e+00
1.000000000000000000e+00,-6.366768700141761661e-02
1.000000000000000000e+00,1.215830782496455820e+00
1.000000000000000000e+00,-1.261676870014176166e-01
1.000000000000000000e+00,-2.818338435007088361e-01
1.000000000000000000e+00,1.185164625997164656e+00
1.000000000000000000e+00,-3.750000000000000000e-01
1.000000000000000000e+00,-3.750000000000000000e-01
1.000000000000000000e+00,1.185164625997164656e+00
1.000000000000000000e+00,-5.625000000000000000e-01
1.000000000000000000e+00,-4.375000000000000000e-01
1.000000000000000000e+00,5.306661564992911639e-01
1.000000000000000000e+00,4.056661564992911639e-01
1.000000000000000000e+00,2.806661564992911639e-01
1.000000000000000000e+00,3.431661564992911639e-01
1.000000000000000000e+00,3.431661564992911639e-01
1.000000000000000000e+00,2.806661564992911639e-01
1.000000000000000000e+00,2.806661564992911639e-01
1.000000000000000000e+00,3.113323129985823834e-01
1.000000000000000000e+00,1.246496938995747206e+00
1.000000000000000000e+00,1.558996938995747206e+00
1.000000000000000000e+00,2.488323129985823834e-01
1.000000000000000000e+00,2.488323129985823834e-01
1.000000000000000000e+00,1.558996938995747206e+00
1.000000000000000000e+00,6.133231299858238339e-02
1.000000000000000000e+00,1.238323129985823834e-01
1.000000000000000000e+00,6.133231299858238339e-02
1.000000000000000000e+00,1.340830782496455820e+00
1.000000000000000000e+00,-6.366768700141761661e-02
1.000000000000000000e+00,1.185164625997164656e+00
1.000000000000000000e+00,1.247664625997164656e+00
1.000000000000000000e+00,1.310164625997164656e+00
1.000000000000000000e+00,-1.568338435007088083e-01
1.000000000000000000e+00,1.247664625997164656e+00
1.000000000000000000e+00,4.681661564992911639e-01
1.000000000000000000e+00,-4.375000000000000000e-01
1.000000000000000000e+00,6.238323129985823279e-01
1.000000000000000000e+00,-7.488323129985823279e-01
1.000000000000000000e+00,5.306661564992911639e-01
1.000000000000000000e+00,1.339663095495038370e+00
1.000000000000000000e+00,4.681661564992911639e-01
1.000000000000000000e+00,3.431661564992911639e-01
1.000000000000000000e+00,4.363323129985823834e-01
1.000000000000000000e+00,1.496496938995747206e+00
1.000000000000000000e+00,3.738323129985823834e-01
1.000000000000000000e+00,2.488323129985823834e-01
1.000000000000000000e+00,2.488323129985823834e-01
1.000000000000000000e+00,2.488323129985823834e-01
1.000000000000000000e+00,1.238323129985823834e-01
1.000000000000000000e+00,2.794984694978736028e-01
1.000000000000000000e+00,6.133231299858238339e-02
1.000000000000000000e+00,1.238323129985823834e-01
1.000000000000000000e+00,-1.167687001417616610e-03
1.000000000000000000e+00,1.238323129985823834e-01
1.000000000000000000e+00,-3.183384350070880831e-02
1.000000000000000000e+00,-9.433384350070880831e-02
1.000000000000000000e+00,-1.568338435007088083e-01
1.000000000000000000e+00,-3.183384350070880831e-02
1.000000000000000000e+00,1.404498469497873714e+00
1.000000000000000000e+00,6.863323129985823279e-01
1.000000000000000000e+00,-1.568338435007088083e-01
1.000000000000000000e+00,1.778330782496455820e+00
1.000000000000000000e+00,6.238323129985823279e-01
1.000000000000000000e+00,1.840830782496455820e+00
1.000000000000000000e+00,6.238323129985823279e-01
1.000000000000000000e+00,6.238323129985823279e-01
1.000000000000000000e+00,5.613323129985823279e-01
1.000000000000000000e+00,1.871496938995747206e+00
1.000000000000000000e+00,4.988323129985823834e-01
1.000000000000000000e+00,3.738323129985823834e-01
1.000000000000000000e+00,3.738323129985823834e-01
1.000000000000000000e+00,3.113323129985823834e-01
1.000000000000000000e+00,1.746496938995747206e+00
1.000000000000000000e+00,4.669984694978736028e-01
1.000000000000000000e+00,2.488323129985823834e-01
1.000000000000000000e+00,1.863323129985823834e-01
1.000000000000000000e+00,1.863323129985823834e-01
1.000000000000000000e+00,1.621496938995747206e+00
1.000000000000000000e+00,1.238323129985823834e-01
1.000000000000000000e+00,1.403330782496455820e+00
1.000000000000000000e+00,3.066615649929119169e-02
1.000000000000000000e+00,9.316615649929119169e-02
1.000000000000000000e+00,1.435164625997164656e+00
1.000000000000000000e+00,1.310164625997164656e+00
1.000000000000000000e+00,1.278330782496455820e+00
1.000000000000000000e+00,8.113323129985823279e-01
1.000000000000000000e+00,7.488323129985823279e-01
1.000000000000000000e+00,1.965830782496455820e+00
1.000000000000000000e+00,7.488323129985823279e-01
1.000000000000000000e+00,6.863323129985823279e-01
1.000000000000000000e+00,6.238323129985823279e-01
1.000000000000000000e+00,5.613323129985823279e-01
1.000000000000000000e+00,5.613323129985823279e-01
1.000000000000000000e+00,7.794984694978736028e-01
1.000000000000000000e+00,1.871496938995747206e+00
1.000000000000000000e+00,4.988323129985823834e-01
1.000000000000000000e+00,7.169984694978736028e-01
1.000000000000000000e+00,1.871496938995747206e+00
1.000000000000000000e+00,3.738323129985823834e-01
1.000000000000000000e+00,1.808996938995747206e+00
1.000000000000000000e+00,5.294984694978736028e-01
1.000000000000000000e+00,3.419984694978736028e-01
1.000000000000000000e+00,1.621496938995747206e+00
1.000000000000000000e+00,1.863323129985823834e-01
1.000000000000000000e+00,1.371496938995747206e+00
1.000000000000000000e+00,6.133231299858238339e-02
1.000000000000000000e+00,1.497664625997164656e+00
1.000000000000000000e+00,1.435164625997164656e+00
1.000000000000000000e+00,1.556661564992911917e-01
1.000000000000000000e+00,-3.183384350070880831e-02
1.000000000000000000e+00,0.000000000000000000e+00
1.000000000000000000e+00,9.363323129985823279e-01
1.000000000000000000e+00,8.113323129985823279e-01
1.000000000000000000e+00,7.488323129985823279e-01
1.000000000000000000e+00,7.488323129985823279e-01
1.000000000000000000e+00,2.121496938995747428e+00
1.000000000000000000e+00,6.863323129985823279e-01
1.000000000000000000e+00,9.044984694978736028e-01
1.000000000000000000e+00,9.044984694978736028e-01
1.000000000000000000e+00,6.238323129985823279e-01
1.000000000000000000e+00,7.169984694978736028e-01
1.000000000000000000e+00,1.902163095495038370e+00
1.000000000000000000e+00,6.544984694978736028e-01
1.000000000000000000e+00,5.601646259971647668e-01
1.000000000000000000e+00,5.294984694978736028e-01
1.000000000000000000e+00,4.669984694978736028e-01
1.000000000000000000e+00,5.919984694978736028e-01
1.000000000000000000e+00,1.746496938995747206e+00
1.000000000000000000e+00,4.363323129985823834e-01
1.000000000000000000e+00,3.113323129985823834e-01
1.000000000000000000e+00,3.738323129985823834e-01
1.000000000000000000e+00,4.363323129985823834e-01
1.000000000000000000e+00,1.778330782496455820e+00
1.000000000000000000e+00,1.810164625997164656e+00
1.000000000000000000e+00,9.316615649929119169e-02
1.000000000000000000e+00,2.153330782496455598e+00
1.000000000000000000e+00,9.363323129985823279e-01
1.000000000000000000e+00,9.363323129985823279e-01
1.000000000000000000e+00,1.029498469497873714e+00
1.000000000000000000e+00,1.029498469497873714e+00
1.000000000000000000e+00,2.121496938995747428e+00
1.000000000000000000e+00,8.738323129985823279e-01
1.000000000000000000e+00,9.669984694978736028e-01
1.000000000000000000e+00,2.121496938995747428e+00
1.000000000000000000e+00,7.169984694978736028e-01
1.000000000000000000e+00,9.669984694978736028e-01
1.000000000000000000e+00,7.794984694978736028e-01
1.000000000000000000e+00,6.544984694978736028e-01
1.000000000000000000e+00,1.839663095495038370e+00
1.000000000000000000e+00,7.476646259971647668e-01
1.000000000000000000e+00,6.544984694978736028e-01
1.000000000000000000e+00,7.476646259971647668e-01
1.000000000000000000e+00,4.669984694978736028e-01
1.000000000000000000e+00,4.669984694978736028e-01
1.000000000000000000e+00,1.808996938995747206e+00
1.000000000000000000e+00,5.294984694978736028e-01
1.000000000000000000e+00,4.363323129985823834e-01
1.000000000000000000e+00,1.154498469497873714e+00
1.000000000000000000e+00,4.988323129985823834e-01
1.000000000000000000e+00,1.154498469497873714e+00
1.000000000000000000e+00,1.029498469497873714e+00
1.000000000000000000e+00,1.091998469497873714e+00
1.000000000000000000e+00,2.371496938995747428e+00
1.000000000000000000e+00,1.029498469497873714e+00
1.000000000000000000e+00,2.121496938995747428e+00
1.000000000000000000e+00,9.669984694978736028e-01
1.000000000000000000e+00,9.669984694978736028e-01
1.000000000000000000e+00,9.669984694978736028e-01
1.000000000000000000e+00,9.351646259971647668e-01
1.000000000000000000e+00,8.419984694978736028e-01
1.000000000000000000e+00,9.976646259971647668e-01
1.000000000000000000e+00,9.976646259971647668e-01
1.000000000000000000e+00,1.777163095495038370e+00
1.000000000000000000e+00,8.726646259971647668e-01
1.000000000000000000e+00,8.726646259971647668e-01
1.000000000000000000e+00,1.902163095495038370e+00
1.000000000000000000e+00,8.101646259971647668e-01
1.000000000000000000e+00,7.476646259971647668e-01
1.000000000000000000e+00,6.851646259971647668e-01
1.000000000000000000e+00,1.871496938995747206e+00
1.000000000000000000e+00,1.933996938995747206e+00
1.000000000000000000e+00,1.216998469497873714e+00
1.000000000000000000e+00,2.028330782496455598e+00
1.000000000000000000e+00,4.363323129985823834e-01
1.000000000000000000e+00,4.988323129985823834e-01
1.000000000000000000e+00,2.433996938995747428e+00
1.000000000000000000e+00,2.433996938995747428e+00
1.000000000000000000e+00,1.216998469497873714e+00
1.000000000000000000e+00,1.154498469497873714e+00
1.000000000000000000e+00,1.091998469497873714e+00
1.000000000000000000e+00,1.154498469497873714e+00
1.000000000000000000e+00,1.247664625997164656e+00
1.000000000000000000e+00,1.122664625997164656e+00
1.000000000000000000e+00,1.122664625997164656e+00
1.000000000000000000e+00,1.060164625997164656e+00
1.000000000000000000e+00,9.044984694978736028e-01
1.000000000000000000e+00,1.060164625997164656e+00
1.000000000000000000e+00,9.976646259971647668e-01
1.000000000000000000e+00,1.060164625997164656e+00
1.000000000000000000e+00,9.351646259971647668e-01
1.000000000000000000e+00,2.027163095495038370e+00
1.000000000000000000e+00,8.726646259971647668e-01
1.000000000000000000e+00,8.726646259971647668e-01
1.000000000000000000e+00,1.964663095495038370e+00
1.000000000000000000e+00,1.903330782496455820e+00
1.000000000000000000e+00,5.919984694978736028e-01
1.000000000000000000e+00,7.169984694978736028e-01
1.000000000000000000e+00,1.933996938995747206e+00
1.000000000000000000e+00,4.363323129985823834e-01
1.000000000000000000e+00,7.488323129985823279e-01
1.000000000000000000e+00,2.371496938995747428e+00
1.000000000000000000e+00,2.308996938995747428e+00
1.000000000000000000e+00,1.216998469497873714e+00
1.000000000000000000e+00,1.279498469497873714e+00
1.000000000000000000e+00,1.932829251994329534e+00
1.000000000000000000e+00,1.372664625997164656e+00
1.000000000000000000e+00,1.372664625997164656e+00
1.000000000000000000e+00,1.310164625997164656e+00
1.000000000000000000e+00,1.310164625997164656e+00
1.000000000000000000e+00,1.185164625997164656e+00
1.000000000000000000e+00,2.339663095495038370e+00
1.000000000000000000e+00,1.060164625997164656e+00
1.000000000000000000e+00,1.185164625997164656e+00
1.000000000000000000e+00,-4.375000000000000000e-01
1.000000000000000000e+00,1.060164625997164656e+00
1.000000000000000000e+00,9.976646259971647668e-01
1.000000000000000000e+00,9.351646259971647668e-01
1.000000000000000000e+00,2.089663095495038370e+00
1.000000000000000000e+00,1.839663095495038370e+00
1.000000000000000000e+00,2.027163095495038370e+00
1.000000000000000000e+00,6.863323129985823279e-01
1.000000000000000000e+00,1.839663095495038370e+00
1.000000000000000000e+00,2.121496938995747428e+00
1.000000000000000000e+00,2.090830782496455598e+00
1.000000000000000000e+00,1.497664625997164656e+00
1.000000000000000000e+00,1.029498469497873714e+00
1.000000000000000000e+00,1.404498469497873714e+00
1.000000000000000000e+00,1.404498469497873714e+00
1.000000000000000000e+00,1.404498469497873714e+00
1.000000000000000000e+00,1.435164625997164656e+00
1.000000000000000000e+00,1.435164625997164656e+00
1.000000000000000000e+00,1.497664625997164656e+00
1.000000000000000000e+00,1.435164625997164656e+00
1.000000000000000000e+00,1.435164625997164656e+00
1.000000000000000000e+00,1.310164625997164656e+00
1.000000000000000000e+00,2.339663095495038370e+00
1.000000000000000000e+00,1.310164625997164656e+00
1.000000000000000000e+00,1.122664625997164656e+00
1.000000000000000000e+00,1.090830782496455820e+00
1.000000000000000000e+00,1.153330782496455820e+00
1.000000000000000000e+00,1.060164625997164656e+00
1.000000000000000000e+00,9.351646259971647668e-01
1.000000000000000000e+00,9.976646259971647668e-01
1.000000000000000000e+00,1.964663095495038370e+00
1.000000000000000000e+00,2.058996938995747428e+00
1.000000000000000000e+00,2.183996938995747428e+00
1.000000000000000000e+00,1.964663095495038370e+00
1.000000000000000000e+00,9.044984694978736028e-01
1.000000000000000000e+00,1.560164625997164656e+00
1.000000000000000000e+00,1.622664625997164656e+00
1.000000000000000000e+00,1.560164625997164656e+00
1.000000000000000000e+00,1.529498469497873714e+00
1.000000000000000000e+00,1.435164625997164656e+00
1.000000000000000000e+00,1.372664625997164656e+00
1.000000000000000000e+00,1.435164625997164656e+00
1.000000000000000000e+00,1.622664625997164656e+00
1.000000000000000000e+00,1.560164625997164656e+00
1.000000000000000000e+00,1.310164625997164656e+00
1.000000000000000000e+00,1.560164625997164656e+00
1.000000000000000000e+00,-1.250000000000000000e-01
1.000000000000000000e+00,1.372664625997164656e+00
1.000000000000000000e+00,1.403330782496455820e+00
1.000000000000000000e+00,1.340830782496455820e+00
1.000000000000000000e+00,1.278330782496455820e+00
1.000000000000000000e+00,1.340830782496455820e+00
1.000000000000000000e+00,1.215830782496455820e+00
1.000000000000000000e+00,2.152163095495038370e+00
1.000000000000000000e+00,8.419984694978736028e-01
1.000000000000000000e+00,2.089663095495038370e+00
1.000000000000000000e+00,2.277163095495038370e+00
1.000000000000000000e+00,2.183996938995747428e+00
1.000000000000000000e+00,2.152163095495038370e+00
1.000000000000000000e+00,9.351646259971647668e-01
1.000000000000000000e+00,1.685164625997164656e+00
1.000000000000000000e+00,9.044984694978736028e-01
1.000000000000000000e+00,2.683996938995747428e+00
1.000000000000000000e+00,1.560164625997164656e+00
1.000000000000000000e+00,1.560164625997164656e+00
1.000000000000000000e+00,1.560164625997164656e+00
1.000000000000000000e+00,1.560164625997164656e+00
1.000000000000000000e+00,2.652163095495038370e+00
1.000000000000000000e+00,1.560164625997164656e+00
1.000000000000000000e+00,1.560164625997164656e+00
1.000000000000000000e+00,1.497664625997164656e+00
1.000000000000000000e+00,2.245329251994329312e+00
1.000000000000000000e+00,1.465830782496455820e+00
1.000000000000000000e+00,2.495329251994329312e+00
1.000000000000000000e+00,1.403330782496455820e+00
1.000000000000000000e+00,1.403330782496455820e+00
1.000000000000000000e+00,1.403330782496455820e+00
1.000000000000000000e+00,1.340830782496455820e+00
1.000000000000000000e+00,1.340830782496455820e+00
1.000000000000000000e+00,1.278330782496455820e+00
1.000000000000000000e+00,2.277163095495038370e+00
1.000000000000000000e+00,2.277163095495038370e+00
1.000000000000000000e+00,2.308996938995747428e+00
1.000000000000000000e+00,1.185164625997164656e+00
1.000000000000000000e+00,2.057829251994329312e+00
1.000000000000000000e+00,2.183996938995747428e+00
1.000000000000000000e+00,2.808996938995747428e+00
1.000000000000000000e+00,1.747664625997164656e+00
1.000000000000000000e+00,2.839663095495038370e+00
1.000000000000000000e+00,1.560164625997164656e+00
1.000000000000000000e+00,1.560164625997164656e+00
1.000000000000000000e+00,2.745329251994329312e+00
1.000000000000000000e+00,1.497664625997164656e+00
1.000000000000000000e+00,1.497664625997164656e+00
1.000000000000000000e+00,2.589663095495038370e+00
1.000000000000000000e+00,1.528330782496455820e+00
1.000000000000000000e+00,2.463495408493620697e+00
1.000000000000000000e+00,1.465830782496455820e+00
1.000000000000000000e+00,1.465830782496455820e+00
1.000000000000000000e+00,1.403330782496455820e+00
1.000000000000000000e+00,1.340830782496455820e+00
1.000000000000000000e+00,1.278330782496455820e+00
1.000000000000000000e+00,1.340830782496455820e+00
1.000000000000000000e+00,1.215830782496455820e+00
1.000000000000000000e+00,1.153330782496455820e+00
1.000000000000000000e+00,2.152163095495038370e+00
1.000000000000000000e+00,2.089663095495038370e+00
1.000000000000000000e+00,2.277163095495038370e+00
1.000000000000000000e+00,2.183996938995747428e+00
1.000000000000000000e+00,9.669984694978736028e-01
1.000000000000000000e+00,2.058996938995747428e+00
1.000000000000000000e+00,7.794984694978736028e-01
1.000000000000000000e+00,1.560164625997164656e+00
1.000000000000000000e+00,1.497664625997164656e+00
1.000000000000000000e+00,2.714663095495038370e+00
1.000000000000000000e+00,1.497664625997164656e+00
1.000000000000000000e+00,1.497664625997164656e+00
1.000000000000000000e+00,1.653330782496455820e+00
1.000000000000000000e+00,1.465830782496455820e+00
1.000000000000000000e+00,2.464663095495038370e+00
1.000000000000000000e+00,1.403330782496455820e+00
1.000000000000000000e+00,1.465830782496455820e+00
1.000000000000000000e+00,1.465830782496455820e+00
1.000000000000000000e+00,1.465830782496455820e+00
1.000000000000000000e+00,1.403330782496455820e+00
1.000000000000000000e+00,1.340830782496455820e+00
1.000000000000000000e+00,1.278330782496455820e+00
1.000000000000000000e+00,1.215830782496455820e+00
1.000000000000000000e+00,2.214663095495038370e+00
1.000000000000000000e+00,1.090830782496455820e+00
1.000000000000000000e+00,1.090830782496455820e+00
1.000000000000000000e+00,2.339663095495038370e+00
1.000000000000000000e+00,6.544984694978736028e-01
1.000000000000000000e+00,9.351646259971647668e-01
1.000000000000000000e+00,9.044984694978736028e-01
1.000000000000000000e+00,2.308996938995747428e+00
1.000000000000000000e+00,8.113323129985823279e-01
1.000000000000000000e+00,2.652163095495038370e+00
1.000000000000000000e+00,2.370329251994329312e+00
1.000000000000000000e+00,2.777163095495038370e+00
1.000000000000000000e+00,9.316615649929119169e-02
1.000000000000000000e+00,1.435164625997164656e+00
1.000000000000000000e+00,1.497664625997164656e+00
1.000000000000000000e+00,2.652163095495038370e+00
1.000000000000000000e+00,1.403330782496455820e+00
1.000000000000000000e+00,-3.183384350070880831e-02
1.000000000000000000e+00,1.403330782496455820e+00
1.000000000000000000e+00,-3.183384350070880831e-02
1.000000000000000000e+00,1.340830782496455820e+00
1.000000000000000000e+00,5.908307824964558197e-01
1.000000000000000000e+00,-2.193338435007088083e-01
1.000000000000000000e+00,2.277163095495038370e+00
1.000000000000000000e+00,1.215830782496455820e+00
1.000000000000000000e+00,1.090830782496455820e+00
1.000000000000000000e+00,-2.818338435007088361e-01
1.000000000000000000e+00,2.027163095495038370e+00
1.000000000000000000e+00,2.214663095495038370e+00
1.000000000000000000e+00,2.121496938995747428e+00
1.000000000000000000e+00,9.351646259971647668e-01
1.000000000000000000e+00,2.214663095495038370e+00
1.000000000000000000e+00,1.996496938995747206e+00
1.000000000000000000e+00,2.714663095495038370e+00
1.000000000000000000e+00,2.496496938995747428e+00
1.000000000000000000e+00,1.685164625997164656e+00
1.000000000000000000e+00,1.685164625997164656e+00
1.000000000000000000e+00,9.316615649929119169e-02
1.000000000000000000e+00,1.372664625997164656e+00
1.000000000000000000e+00,3.066615649929119169e-02
1.000000000000000000e+00,1.435164625997164656e+00
1.000000000000000000e+00,1.435164625997164656e+00
1.000000000000000000e+00,1.372664625997164656e+00
1.000000000000000000e+00,1.372664625997164656e+00
1.000000000000000000e+00,-9.433384350070880831e-02
1.000000000000000000e+00,-9.433384350070880831e-02
1.000000000000000000e+00,2.275995408493620697e+00
1.000000000000000000e+00,2.245329251994329312e+00
1.000000000000000000e+00,1.215830782496455820e+00
1.000000000000000000e+00,1.153330782496455820e+00
1.000000000000000000e+00,2.370329251994329312e+00
1.000000000000000000e+00,-2.818338435007088361e-01
1.000000000000000000e+00,2.277163095495038370e+00
1.000000000000000000e+00,1.090830782496455820e+00
1.000000000000000000e+00,2.058996938995747428e+00
1.000000000000000000e+00,1.622664625997164656e+00
1.000000000000000000e+00,1.933996938995747206e+00
1.000000000000000000e+00,1.933996938995747206e+00
1.000000000000000000e+00,1.839663095495038370e+00
1.000000000000000000e+00,2.558996938995747428e+00
1.000000000000000000e+00,1.497664625997164656e+00
1.000000000000000000e+00,1.435164625997164656e+00
1.000000000000000000e+00,2.527163095495038370e+00
1.000000000000000000e+00,2.589663095495038370e+00
1.000000000000000000e+00,1.372664625997164656e+00
1.000000000000000000e+00,1.372664625997164656e+00
1.000000000000000000e+00,1.372664625997164656e+00
1.000000000000000000e+00,2.589663095495038370e+00
1.000000000000000000e+00,1.310164625997164656e+00
1.000000000000000000e+00,1.278330782496455820e+00
1.000000000000000000e+00,2.057829251994329312e+00
1.000000000000000000e+00,1.185164625997164656e+00
1.000000000000000000e+00,2.277163095495038370e+00
1.000000000000000000e+00,1.153330782496455820e+00
1.000000000000000000e+00,1.090830782496455820e+00
1.000000000000000000e+00,2.245329251994329312e+00
1.000000000000000000e+00,2.182829251994329312e+00
1.000000000000000000e+00,2.245329251994329312e+00
1.000000000000000000e+00,2.152163095495038370e+00
1.000000000000000000e+00,2.058996938995747428e+00
1.000000000000000000e+00,4.669984694978736028e-01
1.000000000000000000e+00,2.246496938995747428e+00
1.000000000000000000e+00,1.560164625997164656e+00
1.000000000000000000e+00,1.871496938995747206e+00
1.000000000000000000e+00,1.560164625997164656e+00
1.000000000000000000e+00,1.497664625997164656e+00
1.000000000000000000e+00,1.372664625997164656e+00
1.000000000000000000e+00,1.372664625997164656e+00
1.000000000000000000e+00,1.372664625997164656e+00
1.000000000000000000e+00,1.310164625997164656e+00
1.000000000000000000e+00,1.310164625997164656e+00
1.000000000000000000e+00,1.247664625997164656e+00
1.000000000000000000e+00,1.310164625997164656e+00
1.000000000000000000e+00,1.278330782496455820e+00
1.000000000000000000e+00,2.495329251994329312e+00
1.000000000000000000e+00,1.278330782496455820e+00
1.000000000000000000e+00,2.432829251994329312e+00
1.000000000000000000e+00,1.090830782496455820e+00
1.000000000000000000e+00,1.153330782496455820e+00
1.000000000000000000e+00,1.090830782496455820e+00
1.000000000000000000e+00,2.089663095495038370e+00
1.000000000000000000e+00,9.351646259971647668e-01
1.000000000000000000e+00,2.245329251994329312e+00
1.000000000000000000e+00,2.058996938995747428e+00
1.000000000000000000e+00,2.058996938995747428e+00
1.000000000000000000e+00,8.726646259971647668e-01
1.000000000000000000e+00,7.169984694978736028e-01
1.000000000000000000e+00,1.871496938995747206e+00
1.000000000000000000e+00,7.488323129985823279e-01
1.000000000000000000e+00,1.466998469497873714e+00
1.000000000000000000e+00,1.497664625997164656e+00
1.000000000000000000e+00,1.372664625997164656e+00
1.000000000000000000e+00,1.497664625997164656e+00
1.000000000000000000e+00,1.310164625997164656e+00
1.000000000000000000e+00,1.247664625997164656e+00
1.000000000000000000e+00,1.435164625997164656e+00
1.000000000000000000e+00,1.247664625997164656e+00
1.000000000000000000e+00,1.247664625997164656e+00
1.000000000000000000e+00,2.277163095495038370e+00
1.000000000000000000e+00,1.185164625997164656e+00
1.000000000000000000e+00,1.340830782496455820e+00
1.000000000000000000e+00,1.153330782496455820e+00
1.000000000000000000e+00,1.153330782496455820e+00
1.000000000000000000e+00,2.089663095495038370e+00
1.000000000000000000e+00,1.090830782496455820e+00
1.000000000000000000e+00,2.245329251994329312e+00
1.000000000000000000e+00,9.351646259971647668e-01
1.000000000000000000e+00,1.870329251994329534e+00
1.000000000000000000e+00,2.152163095495038370e+00
1.000000000000000000e+00,1.933996938995747206e+00
1.000000000000000000e+00,7.794984694978736028e-01
1.000000000000000000e+00,9.044984694978736028e-01
1.000000000000000000e+00,7.488323129985823279e-01
1.000000000000000000e+00,1.964663095495038370e+00
1.000000000000000000e+00,1.435164625997164656e+00
1.000000000000000000e+00,1.435164625997164656e+00
1.000000000000000000e+00,1.497664625997164656e+00
1.000000000000000000e+00,1.497664625997164656e+00
1.000000000000000000e+00,1.372664625997164656e+00
1.000000000000000000e+00,-9.433384350070880831e-02
1.000000000000000000e+00,1.435164625997164656e+00
1.000000000000000000e+00,1.247664625997164656e+00
1.000000000000000000e+00,1.310164625997164656e+00
1.000000000000000000e+00,1.247664625997164656e+00
1.000000000000000000e+00,1.247664625997164656e+00
1.000000000000000000e+00,8.419984694978736028e-01
1.000000000000000000e+00,1.060164625997164656e+00
1.000000000000000000e+00,1.278330782496455820e+00
1.000000000000000000e+00,1.028330782496455820e+00
